5408890634.604077 2156062046.076289 1140643929.818075 820911616.941892 564713073.949296 478250966.325338 375462746.647889 336026848.464329 1140643929.818074 820911616.941890 793186328.148363 592388339.272201 502224032.948250 417381071.749731 355383491.407260 312882863.642801 564713073.949298 478250966.325339 502224032.948249 417381071.749729 396780005.534686 339901060.573384 311417954.837997 275876626.140447 375462746.647873 336026848.464331 355383491.407263 312882863.642804 311417954.837999 275876626.140448 264651150.958131 238143290.367119 
2156062046.076290 5408890634.604075 1626414294.263896 1165695560.345142 668752566.158414 566490725.811908 419901613.281287 375818909.435874 1626414294.263893 1165695560.345139 1195011366.658531 785721604.803768 626142954.384543 501540957.068446 409112050.240432 355351317.139029 668752566.158416 566490725.811906 626142954.384546 501540957.068446 476004869.141214 396285117.697380 357041334.729067 311264069.880998 419901613.281282 375818909.435872 409112050.240431 355351317.139030 357041334.729065 311264069.880998 297696312.705829 264552226.076576 
1165695560.345143 1626414294.263894 5408890634.604077 2156062046.076289 1140643929.818075 820911616.941892 564713073.949297 478250966.325342 824487175.386552 779649073.899377 1140643929.818074 820911616.941890 793186328.148363 592388339.272201 502224032.948251 417381071.749737 508048409.423771 467515463.473753 564713073.949298 478250966.325339 502224032.948249 417381071.749729 396780005.534682 339901060.573384 356967403.792346 331899981.847833 375462746.647873 336026848.464331 355383491.407263 312882863.642804 311417954.837997 275876626.140448 
820911616.941891 1140643929.818077 2156062046.076291 5408890634.604075 1626414294.263893 1165695560.345143 668752566.158417 566490725.811904 779649073.899369 824487175.386563 1626414294.263889 1165695560.345138 1195011366.658531 785721604.803766 626142954.384542 501540957.068446 534232472.448972 509428497.864828 668752566.158416 566490725.811906 626142954.384547 501540957.068446 476004869.141213 396285117.697379 379242042.003307 357361118.006753 419901613.281282 375818909.435872 409112050.240431 355351317.139035 357041334.729066 311264069.880995 
566490725.811907 668752566.158417 1165695560.345145 1626414294.263893 5408890634.604075 2156062046.076292 1140643929.818076 820911616.941892 509428497.864825 534232472.448974 824487175.386570 779649073.899377 1140643929.818074 820911616.941892 793186328.148364 592388339.272199 400728300.733865 395209845.902935 508048409.423769 467515463.473753 564713073.949297 478250966.325337 502224032.948250 417381071.749733 313134951.803525 302881665.540651 356967403.792347 331899981.847833 375462746.647877 336026848.464333 355383491.407262 312882863.642799 
478250966.325341 564713073.949297 820911616.941891 1140643929.818076 2156062046.076289 5408890634.604075 1626414294.263896 1165695560.345143 467515463.473761 508048409.423773 779649073.899388 824487175.386561 1626414294.263891 1165695560.345141 1195011366.658531 785721604.803767 395209845.902917 400728300.733897 534232472.448956 509428497.864827 668752566.158418 566490725.811902 626142954.384545 501540957.068449 318803731.687355 313266489.923866 379242042.003303 357361118.006755 419901613.281281 375818909.435871 409112050.240427 355351317.139030 
375818909.435874 419901613.281287 566490725.811907 668752566.158417 1165695560.345145 1626414294.263893 5408890634.604075 2156062046.076292 357361118.006759 379242042.003300 509428497.864825 534232472.448974 824487175.386570 779649073.899377 1140643929.818074 820911616.941892 313266489.923883 318803731.687324 400728300.733865 395209845.902935 508048409.423769 467515463.473753 564713073.949297 478250966.325337 265835240.945978 264200962.320943 313134951.803525 302881665.540651 356967403.792347 331899981.847833 375462746.647877 336026848.464333 
336026848.464330 375462746.647866 478250966.325341 564713073.949297 820911616.941891 1140643929.818076 2156062046.076289 5408890634.604075 331899981.847848 356967403.792357 467515463.473761 508048409.423773 779649073.899388 824487175.386561 1626414294.263891 1165695560.345141 302881665.540658 313134951.803532 395209845.902917 400728300.733897 534232472.448956 509428497.864827 668752566.158418 566490725.811902 264200962.320963 265835240.946055 318803731.687355 313266489.923866 379242042.003303 357361118.006755 419901613.281281 375818909.435871 
1165695560.345138 1626414294.263892 824487175.386562 779649073.899389 508048409.423772 467515463.473757 356967403.792356 331899981.847856 5408890634.604077 2156062046.076289 1140643929.818075 820911616.941892 564713073.949296 478250966.325338 375462746.647889 336026848.464329 1140643929.818074 820911616.941890 793186328.148363 592388339.272201 502224032.948250 417381071.749731 355383491.407260 312882863.642801 564713073.949295 478250966.325337 502224032.948246 417381071.749732 396780005.534685 339901060.573387 311417954.837997 275876626.140448 
820911616.941891 1140643929.818075 779649073.899377 824487175.386571 534232472.448974 509428497.864825 379242042.003300 357361118.006759 2156062046.076289 5408890634.604075 1626414294.263895 1165695560.345146 668752566.158417 566490725.811907 419901613.281287 375818909.435874 1626414294.263893 1165695560.345140 1195011366.658532 785721604.803767 626142954.384544 501540957.068446 409112050.240431 355351317.139030 668752566.158418 566490725.811906 626142954.384547 501540957.068447 476004869.141217 396285117.697383 357041334.729064 311264069.880994 
785721604.803766 1195011366.658531 1165695560.345138 1626414294.263892 824487175.386562 779649073.899389 508048409.423776 467515463.473755 1165695560.345143 1626414294.263894 5408890634.604077 2156062046.076289 1140643929.818075 820911616.941892 564713073.949297 478250966.325342 824487175.386552 779649073.899377 1140643929.818074 820911616.941890 793186328.148363 592388339.272201 502224032.948251 417381071.749737 508048409.423771 467515463.473753 564713073.949295 478250966.325337 502224032.948246 417381071.749732 396780005.534682 339901060.573384 
592388339.272200 793186328.148363 820911616.941890 1140643929.818074 779649073.899377 824487175.386552 534232472.448973 509428497.864828 820911616.941892 1140643929.818075 2156062046.076289 5408890634.604077 1626414294.263894 1165695560.345143 668752566.158416 566490725.811906 779649073.899389 824487175.386562 1626414294.263892 1165695560.345139 1195011366.658532 785721604.803767 626142954.384543 501540957.068445 534232472.448969 509428497.864827 668752566.158419 566490725.811907 626142954.384547 501540957.068446 476004869.141216 396285117.697381 
501540957.068446 626142954.384544 785721604.803767 1195011366.658532 1165695560.345140 1626414294.263893 824487175.386560 779649073.899388 566490725.811907 668752566.158417 1165695560.345145 1626414294.263893 5408890634.604075 2156062046.076292 1140643929.818076 820911616.941892 509428497.864825 534232472.448974 824487175.386570 779649073.899377 1140643929.818074 820911616.941892 793186328.148364 592388339.272199 400728300.733895 395209845.902936 508048409.423763 467515463.473752 564713073.949297 478250966.325334 502224032.948248 417381071.749732 
417381071.749736 502224032.948253 592388339.272197 793186328.148362 820911616.941891 1140643929.818075 779649073.899378 824487175.386553 478250966.325341 564713073.949298 820911616.941893 1140643929.818074 2156062046.076289 5408890634.604076 1626414294.263894 1165695560.345144 467515463.473753 508048409.423773 779649073.899387 824487175.386563 1626414294.263895 1165695560.345139 1195011366.658531 785721604.803766 395209845.902947 400728300.733896 534232472.448965 509428497.864828 668752566.158419 566490725.811907 626142954.384547 501540957.068448 
355351317.139030 409112050.240431 501540957.068446 626142954.384544 785721604.803767 1195011366.658532 1165695560.345140 1626414294.263893 375818909.435874 419901613.281287 566490725.811907 668752566.158417 1165695560.345145 1626414294.263893 5408890634.604075 2156062046.076292 357361118.006759 379242042.003300 509428497.864825 534232472.448974 824487175.386570 779649073.899377 1140643929.818074 820911616.941892 313266489.923847 318803731.687321 400728300.733895 395209845.902936 508048409.423763 467515463.473752 564713073.949297 478250966.325334 
312882863.642800 355383491.407261 417381071.749736 502224032.948253 592388339.272197 793186328.148362 820911616.941891 1140643929.818075 336026848.464329 375462746.647866 478250966.325341 564713073.949298 820911616.941893 1140643929.818074 2156062046.076289 5408890634.604076 331899981.847853 356967403.792351 467515463.473753 508048409.423773 779649073.899387 824487175.386563 1626414294.263895 1165695560.345139 302881665.540664 313134951.803536 395209845.902947 400728300.733896 534232472.448965 509428497.864828 668752566.158419 566490725.811907 
566490725.811906 668752566.158416 509428497.864829 534232472.448972 400728300.733892 395209845.902964 313134951.803533 302881665.540665 1165695560.345138 1626414294.263889 824487175.386564 779649073.899371 508048409.423771 467515463.473757 356967403.792356 331899981.847855 5408890634.604074 2156062046.076290 1140643929.818076 820911616.941892 564713073.949297 478250966.325339 375462746.647888 336026848.464327 1140643929.818074 820911616.941891 793186328.148363 592388339.272198 502224032.948253 417381071.749732 355383491.407262 312882863.642801 
478250966.325336 564713073.949296 467515463.473752 508048409.423764 395209845.902935 400728300.733913 318803731.687320 313266489.923835 820911616.941891 1140643929.818074 779649073.899376 824487175.386554 534232472.448975 509428497.864840 379242042.003305 357361118.006763 2156062046.076289 5408890634.604075 1626414294.263895 1165695560.345144 668752566.158417 566490725.811905 419901613.281287 375818909.435874 1626414294.263892 1165695560.345140 1195011366.658529 785721604.803766 626142954.384546 501540957.068449 409112050.240433 355351317.139032 
501540957.068445 626142954.384547 566490725.811906 668752566.158416 509428497.864829 534232472.448972 400728300.733895 395209845.902934 785721604.803767 1195011366.658530 1165695560.345138 1626414294.263889 824487175.386564 779649073.899371 508048409.423771 467515463.473763 1165695560.345141 1626414294.263896 5408890634.604074 2156062046.076290 1140643929.818076 820911616.941892 564713073.949299 478250966.325340 824487175.386554 779649073.899376 1140643929.818074 820911616.941891 793186328.148363 592388339.272198 502224032.948254 417381071.749736 
417381071.749734 502224032.948248 478250966.325335 564713073.949296 467515463.473753 508048409.423772 395209845.902930 400728300.733883 592388339.272197 793186328.148363 820911616.941893 1140643929.818073 779649073.899378 824487175.386554 534232472.448971 509428497.864831 820911616.941891 1140643929.818074 2156062046.076288 5408890634.604075 1626414294.263895 1165695560.345140 668752566.158415 566490725.811905 779649073.899388 824487175.386561 1626414294.263892 1165695560.345140 1195011366.658533 785721604.803767 626142954.384543 501540957.068446 
396285117.697380 476004869.141214 501540957.068444 626142954.384545 566490725.811893 668752566.158415 509428497.864829 534232472.448969 501540957.068450 626142954.384559 785721604.803766 1195011366.658530 1165695560.345140 1626414294.263893 824487175.386561 779649073.899390 566490725.811907 668752566.158414 1165695560.345141 1626414294.263894 5408890634.604077 2156062046.076290 1140643929.818076 820911616.941892 509428497.864827 534232472.448976 824487175.386550 779649073.899376 1140643929.818074 820911616.941892 793186328.148363 592388339.272200 
339901060.573383 396780005.534680 417381071.749734 502224032.948248 478250966.325335 564713073.949296 467515463.473759 508048409.423770 417381071.749735 502224032.948253 592388339.272197 793186328.148362 820911616.941893 1140643929.818074 779649073.899373 824487175.386554 478250966.325341 564713073.949293 820911616.941891 1140643929.818078 2156062046.076288 5408890634.604077 1626414294.263895 1165695560.345142 467515463.473756 508048409.423775 779649073.899388 824487175.386561 1626414294.263894 1165695560.345142 1195011366.658529 785721604.803766 
311264069.880998 357041334.729067 396285117.697380 476004869.141214 501540957.068444 626142954.384545 566490725.811893 668752566.158415 355351317.139031 409112050.240419 501540957.068450 626142954.384559 785721604.803766 1195011366.658530 1165695560.345140 1626414294.263893 375818909.435875 419901613.281286 566490725.811907 668752566.158414 1165695560.345141 1626414294.263894 5408890634.604077 2156062046.076290 357361118.006752 379242042.003305 509428497.864827 534232472.448976 824487175.386550 779649073.899376 1140643929.818074 820911616.941892 
275876626.140451 311417954.838006 339901060.573383 396780005.534680 417381071.749734 502224032.948248 478250966.325335 564713073.949296 312882863.642800 355383491.407260 417381071.749735 502224032.948253 592388339.272197 793186328.148362 820911616.941893 1140643929.818074 336026848.464330 375462746.647866 478250966.325341 564713073.949293 820911616.941891 1140643929.818078 2156062046.076288 5408890634.604077 331899981.847852 356967403.792350 467515463.473756 508048409.423775 779649073.899388 824487175.386561 1626414294.263894 1165695560.345142 
375818909.435871 419901613.281282 357361118.006753 379242042.003307 313266489.923869 318803731.687306 265835240.946055 264200962.321016 566490725.811906 668752566.158416 509428497.864829 534232472.448972 400728300.733892 395209845.902964 313134951.803533 302881665.540665 1165695560.345138 1626414294.263889 824487175.386564 779649073.899371 508048409.423771 467515463.473757 356967403.792356 331899981.847855 5408890634.604074 2156062046.076290 1140643929.818076 820911616.941892 564713073.949297 478250966.325339 375462746.647888 336026848.464327 
336026848.464331 375462746.647872 331899981.847856 356967403.792355 302881665.540653 313134951.803530 264200962.320943 265835240.946032 478250966.325336 564713073.949296 467515463.473752 508048409.423764 395209845.902935 400728300.733913 318803731.687320 313266489.923835 820911616.941891 1140643929.818074 779649073.899376 824487175.386554 534232472.448975 509428497.864840 379242042.003305 357361118.006763 2156062046.076289 5408890634.604075 1626414294.263895 1165695560.345144 668752566.158417 566490725.811905 419901613.281287 375818909.435874 
355351317.139035 409112050.240431 375818909.435871 419901613.281282 357361118.006753 379242042.003307 313266489.923871 318803731.687342 501540957.068445 626142954.384547 566490725.811906 668752566.158416 509428497.864829 534232472.448972 400728300.733895 395209845.902934 785721604.803767 1195011366.658530 1165695560.345138 1626414294.263889 824487175.386564 779649073.899371 508048409.423771 467515463.473763 1165695560.345141 1626414294.263896 5408890634.604074 2156062046.076290 1140643929.818076 820911616.941892 564713073.949299 478250966.325340 
312882863.642797 355383491.407261 336026848.464330 375462746.647873 331899981.847857 356967403.792351 302881665.540654 313134951.803523 417381071.749734 502224032.948248 478250966.325335 564713073.949296 467515463.473753 508048409.423772 395209845.902930 400728300.733883 592388339.272197 793186328.148363 820911616.941893 1140643929.818073 779649073.899378 824487175.386554 534232472.448971 509428497.864831 820911616.941891 1140643929.818074 2156062046.076288 5408890634.604075 1626414294.263895 1165695560.345140 668752566.158415 566490725.811905 
311264069.880998 357041334.729065 355351317.139030 409112050.240427 375818909.435886 419901613.281282 357361118.006757 379242042.003314 396285117.697380 476004869.141214 501540957.068444 626142954.384545 566490725.811893 668752566.158415 509428497.864829 534232472.448969 501540957.068450 626142954.384559 785721604.803766 1195011366.658530 1165695560.345140 1626414294.263893 824487175.386561 779649073.899390 566490725.811907 668752566.158414 1165695560.345141 1626414294.263894 5408890634.604077 2156062046.076290 1140643929.818076 820911616.941892 
275876626.140449 311417954.838000 312882863.642797 355383491.407261 336026848.464331 375462746.647873 331899981.847855 356967403.792350 339901060.573383 396780005.534680 417381071.749734 502224032.948248 478250966.325335 564713073.949296 467515463.473759 508048409.423770 417381071.749735 502224032.948253 592388339.272197 793186328.148362 820911616.941893 1140643929.818074 779649073.899373 824487175.386554 478250966.325341 564713073.949293 820911616.941891 1140643929.818078 2156062046.076288 5408890634.604077 1626414294.263895 1165695560.345142 
264552226.076576 297696312.705829 311264069.880998 357041334.729065 355351317.139030 409112050.240427 375818909.435886 419901613.281282 311264069.880998 357041334.729067 396285117.697380 476004869.141214 501540957.068444 626142954.384545 566490725.811893 668752566.158415 355351317.139031 409112050.240419 501540957.068450 626142954.384559 785721604.803766 1195011366.658530 1165695560.345140 1626414294.263893 375818909.435875 419901613.281286 566490725.811907 668752566.158414 1165695560.345141 1626414294.263894 5408890634.604077 2156062046.076290 
238143290.367114 264651150.958130 275876626.140449 311417954.838000 312882863.642797 355383491.407261 336026848.464331 375462746.647873 275876626.140451 311417954.838006 339901060.573383 396780005.534680 417381071.749734 502224032.948248 478250966.325335 564713073.949296 312882863.642800 355383491.407260 417381071.749735 502224032.948253 592388339.272197 793186328.148362 820911616.941893 1140643929.818074 336026848.464330 375462746.647866 478250966.325341 564713073.949293 820911616.941891 1140643929.818078 2156062046.076288 5408890634.604077 
