   1.0000000e-04   1.0000000e-04   0.0000000e+00
   4.0100000e-02   1.0000000e-04   0.0000000e+00
   8.0100000e-02   1.0000000e-04   0.0000000e+00
   1.2010000e-01   1.0000000e-04   0.0000000e+00
   1.6010000e-01   1.0000000e-04   0.0000000e+00
   2.0010000e-01   1.0000000e-04   0.0000000e+00
   2.4010000e-01   1.0000000e-04   0.0000000e+00
   2.8010000e-01   1.0000000e-04   0.0000000e+00
   3.2010000e-01   1.0000000e-04   0.0000000e+00
   3.6010000e-01   1.0000000e-04   0.0000000e+00
   4.0010000e-01   1.0000000e-04   0.0000000e+00
   4.4010000e-01   1.0000000e-04   0.0000000e+00
   4.8010000e-01   1.0000000e-04   0.0000000e+00
   5.2010000e-01   1.0000000e-04   0.0000000e+00
   5.6010000e-01   1.0000000e-04   0.0000000e+00
   6.0010000e-01   1.0000000e-04   0.0000000e+00
   6.4010000e-01   1.0000000e-04   0.0000000e+00
   6.8010000e-01   1.0000000e-04   0.0000000e+00
   7.2010000e-01   1.0000000e-04   0.0000000e+00
   7.6010000e-01   1.0000000e-04   0.0000000e+00
   8.0010000e-01   1.0000000e-04   0.0000000e+00
   8.4010000e-01   1.0000000e-04   0.0000000e+00
   8.8010000e-01   1.0000000e-04   0.0000000e+00
   9.2010000e-01   1.0000000e-04   0.0000000e+00
   9.6010000e-01   1.0000000e-04   0.0000000e+00
   1.0001000e+00   1.0000000e-04   0.0000000e+00
   1.0000000e-04   4.0100000e-02   0.0000000e+00
   4.0100000e-02   4.0100000e-02   0.0000000e+00
   8.0100000e-02   4.0100000e-02   0.0000000e+00
   1.2010000e-01   4.0100000e-02   0.0000000e+00
   1.6010000e-01   4.0100000e-02   0.0000000e+00
   2.0010000e-01   4.0100000e-02   0.0000000e+00
   2.4010000e-01   4.0100000e-02   0.0000000e+00
   2.8010000e-01   4.0100000e-02   0.0000000e+00
   3.2010000e-01   4.0100000e-02   0.0000000e+00
   3.6010000e-01   4.0100000e-02   0.0000000e+00
   4.0010000e-01   4.0100000e-02   0.0000000e+00
   4.4010000e-01   4.0100000e-02   0.0000000e+00
   4.8010000e-01   4.0100000e-02   0.0000000e+00
   5.2010000e-01   4.0100000e-02   0.0000000e+00
   5.6010000e-01   4.0100000e-02   0.0000000e+00
   6.0010000e-01   4.0100000e-02   0.0000000e+00
   6.4010000e-01   4.0100000e-02   0.0000000e+00
   6.8010000e-01   4.0100000e-02   0.0000000e+00
   7.2010000e-01   4.0100000e-02   0.0000000e+00
   7.6010000e-01   4.0100000e-02   0.0000000e+00
   8.0010000e-01   4.0100000e-02   0.0000000e+00
   8.4010000e-01   4.0100000e-02   0.0000000e+00
   8.8010000e-01   4.0100000e-02   0.0000000e+00
   9.2010000e-01   4.0100000e-02   0.0000000e+00
   9.6010000e-01   4.0100000e-02   0.0000000e+00
   1.0001000e+00   4.0100000e-02   0.0000000e+00
   1.0000000e-04   8.0100000e-02   0.0000000e+00
   4.0100000e-02   8.0100000e-02   0.0000000e+00
   8.0100000e-02   8.0100000e-02   0.0000000e+00
   1.2010000e-01   8.0100000e-02   0.0000000e+00
   1.6010000e-01   8.0100000e-02   0.0000000e+00
   2.0010000e-01   8.0100000e-02   0.0000000e+00
   2.4010000e-01   8.0100000e-02   0.0000000e+00
   2.8010000e-01   8.0100000e-02   0.0000000e+00
   3.2010000e-01   8.0100000e-02   0.0000000e+00
   3.6010000e-01   8.0100000e-02   0.0000000e+00
   4.0010000e-01   8.0100000e-02   0.0000000e+00
   4.4010000e-01   8.0100000e-02   0.0000000e+00
   4.8010000e-01   8.0100000e-02   0.0000000e+00
   5.2010000e-01   8.0100000e-02   0.0000000e+00
   5.6010000e-01   8.0100000e-02   0.0000000e+00
   6.0010000e-01   8.0100000e-02   0.0000000e+00
   6.4010000e-01   8.0100000e-02   0.0000000e+00
   6.8010000e-01   8.0100000e-02   0.0000000e+00
   7.2010000e-01   8.0100000e-02   0.0000000e+00
   7.6010000e-01   8.0100000e-02   0.0000000e+00
   8.0010000e-01   8.0100000e-02   0.0000000e+00
   8.4010000e-01   8.0100000e-02   0.0000000e+00
   8.8010000e-01   8.0100000e-02   0.0000000e+00
   9.2010000e-01   8.0100000e-02   0.0000000e+00
   9.6010000e-01   8.0100000e-02   0.0000000e+00
   1.0001000e+00   8.0100000e-02   0.0000000e+00
   1.0000000e-04   1.2010000e-01   0.0000000e+00
   4.0100000e-02   1.2010000e-01   0.0000000e+00
   8.0100000e-02   1.2010000e-01   0.0000000e+00
   1.2010000e-01   1.2010000e-01   0.0000000e+00
   1.6010000e-01   1.2010000e-01   0.0000000e+00
   2.0010000e-01   1.2010000e-01   0.0000000e+00
   2.4010000e-01   1.2010000e-01   0.0000000e+00
   2.8010000e-01   1.2010000e-01   0.0000000e+00
   3.2010000e-01   1.2010000e-01   0.0000000e+00
   3.6010000e-01   1.2010000e-01   0.0000000e+00
   4.0010000e-01   1.2010000e-01   0.0000000e+00
   4.4010000e-01   1.2010000e-01   0.0000000e+00
   4.8010000e-01   1.2010000e-01   0.0000000e+00
   5.2010000e-01   1.2010000e-01   0.0000000e+00
   5.6010000e-01   1.2010000e-01   0.0000000e+00
   6.0010000e-01   1.2010000e-01   0.0000000e+00
   6.4010000e-01   1.2010000e-01   0.0000000e+00
   6.8010000e-01   1.2010000e-01   0.0000000e+00
   7.2010000e-01   1.2010000e-01   0.0000000e+00
   7.6010000e-01   1.2010000e-01   0.0000000e+00
   8.0010000e-01   1.2010000e-01   0.0000000e+00
   8.4010000e-01   1.2010000e-01   0.0000000e+00
   8.8010000e-01   1.2010000e-01   0.0000000e+00
   9.2010000e-01   1.2010000e-01   0.0000000e+00
   9.6010000e-01   1.2010000e-01   0.0000000e+00
   1.0001000e+00   1.2010000e-01   0.0000000e+00
   1.0000000e-04   1.6010000e-01   0.0000000e+00
   4.0100000e-02   1.6010000e-01   0.0000000e+00
   8.0100000e-02   1.6010000e-01   0.0000000e+00
   1.2010000e-01   1.6010000e-01   0.0000000e+00
   1.6010000e-01   1.6010000e-01   0.0000000e+00
   2.0010000e-01   1.6010000e-01   0.0000000e+00
   2.4010000e-01   1.6010000e-01   0.0000000e+00
   2.8010000e-01   1.6010000e-01   0.0000000e+00
   3.2010000e-01   1.6010000e-01   0.0000000e+00
   3.6010000e-01   1.6010000e-01   0.0000000e+00
   4.0010000e-01   1.6010000e-01   0.0000000e+00
   4.4010000e-01   1.6010000e-01   0.0000000e+00
   4.8010000e-01   1.6010000e-01   0.0000000e+00
   5.2010000e-01   1.6010000e-01   0.0000000e+00
   5.6010000e-01   1.6010000e-01   0.0000000e+00
   6.0010000e-01   1.6010000e-01   0.0000000e+00
   6.4010000e-01   1.6010000e-01   0.0000000e+00
   6.8010000e-01   1.6010000e-01   0.0000000e+00
   7.2010000e-01   1.6010000e-01   0.0000000e+00
   7.6010000e-01   1.6010000e-01   0.0000000e+00
   8.0010000e-01   1.6010000e-01   0.0000000e+00
   8.4010000e-01   1.6010000e-01   0.0000000e+00
   8.8010000e-01   1.6010000e-01   0.0000000e+00
   9.2010000e-01   1.6010000e-01   0.0000000e+00
   9.6010000e-01   1.6010000e-01   0.0000000e+00
   1.0001000e+00   1.6010000e-01   0.0000000e+00
   1.0000000e-04   2.0010000e-01   0.0000000e+00
   4.0100000e-02   2.0010000e-01   0.0000000e+00
   8.0100000e-02   2.0010000e-01   0.0000000e+00
   1.2010000e-01   2.0010000e-01   0.0000000e+00
   1.6010000e-01   2.0010000e-01   0.0000000e+00
   2.0010000e-01   2.0010000e-01   0.0000000e+00
   2.4010000e-01   2.0010000e-01   0.0000000e+00
   2.8010000e-01   2.0010000e-01   0.0000000e+00
   3.2010000e-01   2.0010000e-01   0.0000000e+00
   3.6010000e-01   2.0010000e-01   0.0000000e+00
   4.0010000e-01   2.0010000e-01   0.0000000e+00
   4.4010000e-01   2.0010000e-01   0.0000000e+00
   4.8010000e-01   2.0010000e-01   0.0000000e+00
   5.2010000e-01   2.0010000e-01   0.0000000e+00
   5.6010000e-01   2.0010000e-01   0.0000000e+00
   6.0010000e-01   2.0010000e-01   0.0000000e+00
   6.4010000e-01   2.0010000e-01   0.0000000e+00
   6.8010000e-01   2.0010000e-01   0.0000000e+00
   7.2010000e-01   2.0010000e-01   0.0000000e+00
   7.6010000e-01   2.0010000e-01   0.0000000e+00
   8.0010000e-01   2.0010000e-01   0.0000000e+00
   8.4010000e-01   2.0010000e-01   0.0000000e+00
   8.8010000e-01   2.0010000e-01   0.0000000e+00
   9.2010000e-01   2.0010000e-01   0.0000000e+00
   9.6010000e-01   2.0010000e-01   0.0000000e+00
   1.0001000e+00   2.0010000e-01   0.0000000e+00
   1.0000000e-04   2.4010000e-01   0.0000000e+00
   4.0100000e-02   2.4010000e-01   0.0000000e+00
   8.0100000e-02   2.4010000e-01   0.0000000e+00
   1.2010000e-01   2.4010000e-01   0.0000000e+00
   1.6010000e-01   2.4010000e-01   0.0000000e+00
   2.0010000e-01   2.4010000e-01   0.0000000e+00
   2.4010000e-01   2.4010000e-01   0.0000000e+00
   2.8010000e-01   2.4010000e-01   0.0000000e+00
   3.2010000e-01   2.4010000e-01   0.0000000e+00
   3.6010000e-01   2.4010000e-01   0.0000000e+00
   4.0010000e-01   2.4010000e-01   0.0000000e+00
   4.4010000e-01   2.4010000e-01   0.0000000e+00
   4.8010000e-01   2.4010000e-01   0.0000000e+00
   5.2010000e-01   2.4010000e-01   0.0000000e+00
   5.6010000e-01   2.4010000e-01   0.0000000e+00
   6.0010000e-01   2.4010000e-01   0.0000000e+00
   6.4010000e-01   2.4010000e-01   0.0000000e+00
   6.8010000e-01   2.4010000e-01   0.0000000e+00
   7.2010000e-01   2.4010000e-01   0.0000000e+00
   7.6010000e-01   2.4010000e-01   0.0000000e+00
   8.0010000e-01   2.4010000e-01   0.0000000e+00
   8.4010000e-01   2.4010000e-01   0.0000000e+00
   8.8010000e-01   2.4010000e-01   0.0000000e+00
   9.2010000e-01   2.4010000e-01   0.0000000e+00
   9.6010000e-01   2.4010000e-01   0.0000000e+00
   1.0001000e+00   2.4010000e-01   0.0000000e+00
   1.0000000e-04   2.8010000e-01   0.0000000e+00
   4.0100000e-02   2.8010000e-01   0.0000000e+00
   8.0100000e-02   2.8010000e-01   0.0000000e+00
   1.2010000e-01   2.8010000e-01   0.0000000e+00
   1.6010000e-01   2.8010000e-01   0.0000000e+00
   2.0010000e-01   2.8010000e-01   0.0000000e+00
   2.4010000e-01   2.8010000e-01   0.0000000e+00
   2.8010000e-01   2.8010000e-01   0.0000000e+00
   3.2010000e-01   2.8010000e-01   0.0000000e+00
   3.6010000e-01   2.8010000e-01   0.0000000e+00
   4.0010000e-01   2.8010000e-01   0.0000000e+00
   4.4010000e-01   2.8010000e-01   0.0000000e+00
   4.8010000e-01   2.8010000e-01   0.0000000e+00
   5.2010000e-01   2.8010000e-01   0.0000000e+00
   5.6010000e-01   2.8010000e-01   0.0000000e+00
   6.0010000e-01   2.8010000e-01   0.0000000e+00
   6.4010000e-01   2.8010000e-01   0.0000000e+00
   6.8010000e-01   2.8010000e-01   0.0000000e+00
   7.2010000e-01   2.8010000e-01   0.0000000e+00
   7.6010000e-01   2.8010000e-01   0.0000000e+00
   8.0010000e-01   2.8010000e-01   0.0000000e+00
   8.4010000e-01   2.8010000e-01   0.0000000e+00
   8.8010000e-01   2.8010000e-01   0.0000000e+00
   9.2010000e-01   2.8010000e-01   0.0000000e+00
   9.6010000e-01   2.8010000e-01   0.0000000e+00
   1.0001000e+00   2.8010000e-01   0.0000000e+00
   1.0000000e-04   3.2010000e-01   0.0000000e+00
   4.0100000e-02   3.2010000e-01   0.0000000e+00
   8.0100000e-02   3.2010000e-01   0.0000000e+00
   1.2010000e-01   3.2010000e-01   0.0000000e+00
   1.6010000e-01   3.2010000e-01   0.0000000e+00
   2.0010000e-01   3.2010000e-01   0.0000000e+00
   2.4010000e-01   3.2010000e-01   0.0000000e+00
   2.8010000e-01   3.2010000e-01   0.0000000e+00
   3.2010000e-01   3.2010000e-01   0.0000000e+00
   3.6010000e-01   3.2010000e-01   0.0000000e+00
   4.0010000e-01   3.2010000e-01   0.0000000e+00
   4.4010000e-01   3.2010000e-01   0.0000000e+00
   4.8010000e-01   3.2010000e-01   0.0000000e+00
   5.2010000e-01   3.2010000e-01   0.0000000e+00
   5.6010000e-01   3.2010000e-01   0.0000000e+00
   6.0010000e-01   3.2010000e-01   0.0000000e+00
   6.4010000e-01   3.2010000e-01   0.0000000e+00
   6.8010000e-01   3.2010000e-01   0.0000000e+00
   7.2010000e-01   3.2010000e-01   0.0000000e+00
   7.6010000e-01   3.2010000e-01   0.0000000e+00
   8.0010000e-01   3.2010000e-01   0.0000000e+00
   8.4010000e-01   3.2010000e-01   0.0000000e+00
   8.8010000e-01   3.2010000e-01   0.0000000e+00
   9.2010000e-01   3.2010000e-01   0.0000000e+00
   9.6010000e-01   3.2010000e-01   0.0000000e+00
   1.0001000e+00   3.2010000e-01   0.0000000e+00
   1.0000000e-04   3.6010000e-01   0.0000000e+00
   4.0100000e-02   3.6010000e-01   0.0000000e+00
   8.0100000e-02   3.6010000e-01   0.0000000e+00
   1.2010000e-01   3.6010000e-01   0.0000000e+00
   1.6010000e-01   3.6010000e-01   0.0000000e+00
   2.0010000e-01   3.6010000e-01   0.0000000e+00
   2.4010000e-01   3.6010000e-01   0.0000000e+00
   2.8010000e-01   3.6010000e-01   0.0000000e+00
   3.2010000e-01   3.6010000e-01   0.0000000e+00
   3.6010000e-01   3.6010000e-01   0.0000000e+00
   4.0010000e-01   3.6010000e-01   0.0000000e+00
   4.4010000e-01   3.6010000e-01   0.0000000e+00
   4.8010000e-01   3.6010000e-01   0.0000000e+00
   5.2010000e-01   3.6010000e-01   0.0000000e+00
   5.6010000e-01   3.6010000e-01   0.0000000e+00
   6.0010000e-01   3.6010000e-01   0.0000000e+00
   6.4010000e-01   3.6010000e-01   0.0000000e+00
   6.8010000e-01   3.6010000e-01   0.0000000e+00
   7.2010000e-01   3.6010000e-01   0.0000000e+00
   7.6010000e-01   3.6010000e-01   0.0000000e+00
   8.0010000e-01   3.6010000e-01   0.0000000e+00
   8.4010000e-01   3.6010000e-01   0.0000000e+00
   8.8010000e-01   3.6010000e-01   0.0000000e+00
   9.2010000e-01   3.6010000e-01   0.0000000e+00
   9.6010000e-01   3.6010000e-01   0.0000000e+00
   1.0001000e+00   3.6010000e-01   0.0000000e+00
   1.0000000e-04   4.0010000e-01   0.0000000e+00
   4.0100000e-02   4.0010000e-01   0.0000000e+00
   8.0100000e-02   4.0010000e-01   0.0000000e+00
   1.2010000e-01   4.0010000e-01   0.0000000e+00
   1.6010000e-01   4.0010000e-01   0.0000000e+00
   2.0010000e-01   4.0010000e-01   0.0000000e+00
   2.4010000e-01   4.0010000e-01   0.0000000e+00
   2.8010000e-01   4.0010000e-01   0.0000000e+00
   3.2010000e-01   4.0010000e-01   0.0000000e+00
   3.6010000e-01   4.0010000e-01   0.0000000e+00
   4.0010000e-01   4.0010000e-01   0.0000000e+00
   4.4010000e-01   4.0010000e-01   0.0000000e+00
   4.8010000e-01   4.0010000e-01   0.0000000e+00
   5.2010000e-01   4.0010000e-01   0.0000000e+00
   5.6010000e-01   4.0010000e-01   0.0000000e+00
   6.0010000e-01   4.0010000e-01   0.0000000e+00
   6.4010000e-01   4.0010000e-01   0.0000000e+00
   6.8010000e-01   4.0010000e-01   0.0000000e+00
   7.2010000e-01   4.0010000e-01   0.0000000e+00
   7.6010000e-01   4.0010000e-01   0.0000000e+00
   8.0010000e-01   4.0010000e-01   0.0000000e+00
   8.4010000e-01   4.0010000e-01   0.0000000e+00
   8.8010000e-01   4.0010000e-01   0.0000000e+00
   9.2010000e-01   4.0010000e-01   0.0000000e+00
   9.6010000e-01   4.0010000e-01   0.0000000e+00
   1.0001000e+00   4.0010000e-01   0.0000000e+00
   1.0000000e-04   4.4010000e-01   0.0000000e+00
   4.0100000e-02   4.4010000e-01   0.0000000e+00
   8.0100000e-02   4.4010000e-01   0.0000000e+00
   1.2010000e-01   4.4010000e-01   0.0000000e+00
   1.6010000e-01   4.4010000e-01   0.0000000e+00
   2.0010000e-01   4.4010000e-01   0.0000000e+00
   2.4010000e-01   4.4010000e-01   0.0000000e+00
   2.8010000e-01   4.4010000e-01   0.0000000e+00
   3.2010000e-01   4.4010000e-01   0.0000000e+00
   3.6010000e-01   4.4010000e-01   0.0000000e+00
   4.0010000e-01   4.4010000e-01   0.0000000e+00
   4.4010000e-01   4.4010000e-01   0.0000000e+00
   4.8010000e-01   4.4010000e-01   0.0000000e+00
   5.2010000e-01   4.4010000e-01   0.0000000e+00
   5.6010000e-01   4.4010000e-01   0.0000000e+00
   6.0010000e-01   4.4010000e-01   0.0000000e+00
   6.4010000e-01   4.4010000e-01   0.0000000e+00
   6.8010000e-01   4.4010000e-01   0.0000000e+00
   7.2010000e-01   4.4010000e-01   0.0000000e+00
   7.6010000e-01   4.4010000e-01   0.0000000e+00
   8.0010000e-01   4.4010000e-01   0.0000000e+00
   8.4010000e-01   4.4010000e-01   0.0000000e+00
   8.8010000e-01   4.4010000e-01   0.0000000e+00
   9.2010000e-01   4.4010000e-01   0.0000000e+00
   9.6010000e-01   4.4010000e-01   0.0000000e+00
   1.0001000e+00   4.4010000e-01   0.0000000e+00
   1.0000000e-04   4.8010000e-01   0.0000000e+00
   4.0100000e-02   4.8010000e-01   0.0000000e+00
   8.0100000e-02   4.8010000e-01   0.0000000e+00
   1.2010000e-01   4.8010000e-01   0.0000000e+00
   1.6010000e-01   4.8010000e-01   0.0000000e+00
   2.0010000e-01   4.8010000e-01   0.0000000e+00
   2.4010000e-01   4.8010000e-01   0.0000000e+00
   2.8010000e-01   4.8010000e-01   0.0000000e+00
   3.2010000e-01   4.8010000e-01   0.0000000e+00
   3.6010000e-01   4.8010000e-01   0.0000000e+00
   4.0010000e-01   4.8010000e-01   0.0000000e+00
   4.4010000e-01   4.8010000e-01   0.0000000e+00
   4.8010000e-01   4.8010000e-01   0.0000000e+00
   5.2010000e-01   4.8010000e-01   0.0000000e+00
   5.6010000e-01   4.8010000e-01   0.0000000e+00
   6.0010000e-01   4.8010000e-01   0.0000000e+00
   6.4010000e-01   4.8010000e-01   0.0000000e+00
   6.8010000e-01   4.8010000e-01   0.0000000e+00
   7.2010000e-01   4.8010000e-01   0.0000000e+00
   7.6010000e-01   4.8010000e-01   0.0000000e+00
   8.0010000e-01   4.8010000e-01   0.0000000e+00
   8.4010000e-01   4.8010000e-01   0.0000000e+00
   8.8010000e-01   4.8010000e-01   0.0000000e+00
   9.2010000e-01   4.8010000e-01   0.0000000e+00
   9.6010000e-01   4.8010000e-01   0.0000000e+00
   1.0001000e+00   4.8010000e-01   0.0000000e+00
   1.0000000e-04   5.2010000e-01   0.0000000e+00
   4.0100000e-02   5.2010000e-01   0.0000000e+00
   8.0100000e-02   5.2010000e-01   0.0000000e+00
   1.2010000e-01   5.2010000e-01   0.0000000e+00
   1.6010000e-01   5.2010000e-01   0.0000000e+00
   2.0010000e-01   5.2010000e-01   0.0000000e+00
   2.4010000e-01   5.2010000e-01   0.0000000e+00
   2.8010000e-01   5.2010000e-01   0.0000000e+00
   3.2010000e-01   5.2010000e-01   0.0000000e+00
   3.6010000e-01   5.2010000e-01   0.0000000e+00
   4.0010000e-01   5.2010000e-01   0.0000000e+00
   4.4010000e-01   5.2010000e-01   0.0000000e+00
   4.8010000e-01   5.2010000e-01   0.0000000e+00
   5.2010000e-01   5.2010000e-01   0.0000000e+00
   5.6010000e-01   5.2010000e-01   0.0000000e+00
   6.0010000e-01   5.2010000e-01   0.0000000e+00
   6.4010000e-01   5.2010000e-01   0.0000000e+00
   6.8010000e-01   5.2010000e-01   0.0000000e+00
   7.2010000e-01   5.2010000e-01   0.0000000e+00
   7.6010000e-01   5.2010000e-01   0.0000000e+00
   8.0010000e-01   5.2010000e-01   0.0000000e+00
   8.4010000e-01   5.2010000e-01   0.0000000e+00
   8.8010000e-01   5.2010000e-01   0.0000000e+00
   9.2010000e-01   5.2010000e-01   0.0000000e+00
   9.6010000e-01   5.2010000e-01   0.0000000e+00
   1.0001000e+00   5.2010000e-01   0.0000000e+00
   1.0000000e-04   5.6010000e-01   0.0000000e+00
   4.0100000e-02   5.6010000e-01   0.0000000e+00
   8.0100000e-02   5.6010000e-01   0.0000000e+00
   1.2010000e-01   5.6010000e-01   0.0000000e+00
   1.6010000e-01   5.6010000e-01   0.0000000e+00
   2.0010000e-01   5.6010000e-01   0.0000000e+00
   2.4010000e-01   5.6010000e-01   0.0000000e+00
   2.8010000e-01   5.6010000e-01   0.0000000e+00
   3.2010000e-01   5.6010000e-01   0.0000000e+00
   3.6010000e-01   5.6010000e-01   0.0000000e+00
   4.0010000e-01   5.6010000e-01   0.0000000e+00
   4.4010000e-01   5.6010000e-01   0.0000000e+00
   4.8010000e-01   5.6010000e-01   0.0000000e+00
   5.2010000e-01   5.6010000e-01   0.0000000e+00
   5.6010000e-01   5.6010000e-01   0.0000000e+00
   6.0010000e-01   5.6010000e-01   0.0000000e+00
   6.4010000e-01   5.6010000e-01   0.0000000e+00
   6.8010000e-01   5.6010000e-01   0.0000000e+00
   7.2010000e-01   5.6010000e-01   0.0000000e+00
   7.6010000e-01   5.6010000e-01   0.0000000e+00
   8.0010000e-01   5.6010000e-01   0.0000000e+00
   8.4010000e-01   5.6010000e-01   0.0000000e+00
   8.8010000e-01   5.6010000e-01   0.0000000e+00
   9.2010000e-01   5.6010000e-01   0.0000000e+00
   9.6010000e-01   5.6010000e-01   0.0000000e+00
   1.0001000e+00   5.6010000e-01   0.0000000e+00
   1.0000000e-04   6.0010000e-01   0.0000000e+00
   4.0100000e-02   6.0010000e-01   0.0000000e+00
   8.0100000e-02   6.0010000e-01   0.0000000e+00
   1.2010000e-01   6.0010000e-01   0.0000000e+00
   1.6010000e-01   6.0010000e-01   0.0000000e+00
   2.0010000e-01   6.0010000e-01   0.0000000e+00
   2.4010000e-01   6.0010000e-01   0.0000000e+00
   2.8010000e-01   6.0010000e-01   0.0000000e+00
   3.2010000e-01   6.0010000e-01   0.0000000e+00
   3.6010000e-01   6.0010000e-01   0.0000000e+00
   4.0010000e-01   6.0010000e-01   0.0000000e+00
   4.4010000e-01   6.0010000e-01   0.0000000e+00
   4.8010000e-01   6.0010000e-01   0.0000000e+00
   5.2010000e-01   6.0010000e-01   0.0000000e+00
   5.6010000e-01   6.0010000e-01   0.0000000e+00
   6.0010000e-01   6.0010000e-01   0.0000000e+00
   6.4010000e-01   6.0010000e-01   0.0000000e+00
   6.8010000e-01   6.0010000e-01   0.0000000e+00
   7.2010000e-01   6.0010000e-01   0.0000000e+00
   7.6010000e-01   6.0010000e-01   0.0000000e+00
   8.0010000e-01   6.0010000e-01   0.0000000e+00
   8.4010000e-01   6.0010000e-01   0.0000000e+00
   8.8010000e-01   6.0010000e-01   0.0000000e+00
   9.2010000e-01   6.0010000e-01   0.0000000e+00
   9.6010000e-01   6.0010000e-01   0.0000000e+00
   1.0001000e+00   6.0010000e-01   0.0000000e+00
   1.0000000e-04   6.4010000e-01   0.0000000e+00
   4.0100000e-02   6.4010000e-01   0.0000000e+00
   8.0100000e-02   6.4010000e-01   0.0000000e+00
   1.2010000e-01   6.4010000e-01   0.0000000e+00
   1.6010000e-01   6.4010000e-01   0.0000000e+00
   2.0010000e-01   6.4010000e-01   0.0000000e+00
   2.4010000e-01   6.4010000e-01   0.0000000e+00
   2.8010000e-01   6.4010000e-01   0.0000000e+00
   3.2010000e-01   6.4010000e-01   0.0000000e+00
   3.6010000e-01   6.4010000e-01   0.0000000e+00
   4.0010000e-01   6.4010000e-01   0.0000000e+00
   4.4010000e-01   6.4010000e-01   0.0000000e+00
   4.8010000e-01   6.4010000e-01   0.0000000e+00
   5.2010000e-01   6.4010000e-01   0.0000000e+00
   5.6010000e-01   6.4010000e-01   0.0000000e+00
   6.0010000e-01   6.4010000e-01   0.0000000e+00
   6.4010000e-01   6.4010000e-01   0.0000000e+00
   6.8010000e-01   6.4010000e-01   0.0000000e+00
   7.2010000e-01   6.4010000e-01   0.0000000e+00
   7.6010000e-01   6.4010000e-01   0.0000000e+00
   8.0010000e-01   6.4010000e-01   0.0000000e+00
   8.4010000e-01   6.4010000e-01   0.0000000e+00
   8.8010000e-01   6.4010000e-01   0.0000000e+00
   9.2010000e-01   6.4010000e-01   0.0000000e+00
   9.6010000e-01   6.4010000e-01   0.0000000e+00
   1.0001000e+00   6.4010000e-01   0.0000000e+00
   1.0000000e-04   6.8010000e-01   0.0000000e+00
   4.0100000e-02   6.8010000e-01   0.0000000e+00
   8.0100000e-02   6.8010000e-01   0.0000000e+00
   1.2010000e-01   6.8010000e-01   0.0000000e+00
   1.6010000e-01   6.8010000e-01   0.0000000e+00
   2.0010000e-01   6.8010000e-01   0.0000000e+00
   2.4010000e-01   6.8010000e-01   0.0000000e+00
   2.8010000e-01   6.8010000e-01   0.0000000e+00
   3.2010000e-01   6.8010000e-01   0.0000000e+00
   3.6010000e-01   6.8010000e-01   0.0000000e+00
   4.0010000e-01   6.8010000e-01   0.0000000e+00
   4.4010000e-01   6.8010000e-01   0.0000000e+00
   4.8010000e-01   6.8010000e-01   0.0000000e+00
   5.2010000e-01   6.8010000e-01   0.0000000e+00
   5.6010000e-01   6.8010000e-01   0.0000000e+00
   6.0010000e-01   6.8010000e-01   0.0000000e+00
   6.4010000e-01   6.8010000e-01   0.0000000e+00
   6.8010000e-01   6.8010000e-01   0.0000000e+00
   7.2010000e-01   6.8010000e-01   0.0000000e+00
   7.6010000e-01   6.8010000e-01   0.0000000e+00
   8.0010000e-01   6.8010000e-01   0.0000000e+00
   8.4010000e-01   6.8010000e-01   0.0000000e+00
   8.8010000e-01   6.8010000e-01   0.0000000e+00
   9.2010000e-01   6.8010000e-01   0.0000000e+00
   9.6010000e-01   6.8010000e-01   0.0000000e+00
   1.0001000e+00   6.8010000e-01   0.0000000e+00
   1.0000000e-04   7.2010000e-01   0.0000000e+00
   4.0100000e-02   7.2010000e-01   0.0000000e+00
   8.0100000e-02   7.2010000e-01   0.0000000e+00
   1.2010000e-01   7.2010000e-01   0.0000000e+00
   1.6010000e-01   7.2010000e-01   0.0000000e+00
   2.0010000e-01   7.2010000e-01   0.0000000e+00
   2.4010000e-01   7.2010000e-01   0.0000000e+00
   2.8010000e-01   7.2010000e-01   0.0000000e+00
   3.2010000e-01   7.2010000e-01   0.0000000e+00
   3.6010000e-01   7.2010000e-01   0.0000000e+00
   4.0010000e-01   7.2010000e-01   0.0000000e+00
   4.4010000e-01   7.2010000e-01   0.0000000e+00
   4.8010000e-01   7.2010000e-01   0.0000000e+00
   5.2010000e-01   7.2010000e-01   0.0000000e+00
   5.6010000e-01   7.2010000e-01   0.0000000e+00
   6.0010000e-01   7.2010000e-01   0.0000000e+00
   6.4010000e-01   7.2010000e-01   0.0000000e+00
   6.8010000e-01   7.2010000e-01   0.0000000e+00
   7.2010000e-01   7.2010000e-01   0.0000000e+00
   7.6010000e-01   7.2010000e-01   0.0000000e+00
   8.0010000e-01   7.2010000e-01   0.0000000e+00
   8.4010000e-01   7.2010000e-01   0.0000000e+00
   8.8010000e-01   7.2010000e-01   0.0000000e+00
   9.2010000e-01   7.2010000e-01   0.0000000e+00
   9.6010000e-01   7.2010000e-01   0.0000000e+00
   1.0001000e+00   7.2010000e-01   0.0000000e+00
   1.0000000e-04   7.6010000e-01   0.0000000e+00
   4.0100000e-02   7.6010000e-01   0.0000000e+00
   8.0100000e-02   7.6010000e-01   0.0000000e+00
   1.2010000e-01   7.6010000e-01   0.0000000e+00
   1.6010000e-01   7.6010000e-01   0.0000000e+00
   2.0010000e-01   7.6010000e-01   0.0000000e+00
   2.4010000e-01   7.6010000e-01   0.0000000e+00
   2.8010000e-01   7.6010000e-01   0.0000000e+00
   3.2010000e-01   7.6010000e-01   0.0000000e+00
   3.6010000e-01   7.6010000e-01   0.0000000e+00
   4.0010000e-01   7.6010000e-01   0.0000000e+00
   4.4010000e-01   7.6010000e-01   0.0000000e+00
   4.8010000e-01   7.6010000e-01   0.0000000e+00
   5.2010000e-01   7.6010000e-01   0.0000000e+00
   5.6010000e-01   7.6010000e-01   0.0000000e+00
   6.0010000e-01   7.6010000e-01   0.0000000e+00
   6.4010000e-01   7.6010000e-01   0.0000000e+00
   6.8010000e-01   7.6010000e-01   0.0000000e+00
   7.2010000e-01   7.6010000e-01   0.0000000e+00
   7.6010000e-01   7.6010000e-01   0.0000000e+00
   8.0010000e-01   7.6010000e-01   0.0000000e+00
   8.4010000e-01   7.6010000e-01   0.0000000e+00
   8.8010000e-01   7.6010000e-01   0.0000000e+00
   9.2010000e-01   7.6010000e-01   0.0000000e+00
   9.6010000e-01   7.6010000e-01   0.0000000e+00
   1.0001000e+00   7.6010000e-01   0.0000000e+00
   1.0000000e-04   8.0010000e-01   0.0000000e+00
   4.0100000e-02   8.0010000e-01   0.0000000e+00
   8.0100000e-02   8.0010000e-01   0.0000000e+00
   1.2010000e-01   8.0010000e-01   0.0000000e+00
   1.6010000e-01   8.0010000e-01   0.0000000e+00
   2.0010000e-01   8.0010000e-01   0.0000000e+00
   2.4010000e-01   8.0010000e-01   0.0000000e+00
   2.8010000e-01   8.0010000e-01   0.0000000e+00
   3.2010000e-01   8.0010000e-01   0.0000000e+00
   3.6010000e-01   8.0010000e-01   0.0000000e+00
   4.0010000e-01   8.0010000e-01   0.0000000e+00
   4.4010000e-01   8.0010000e-01   0.0000000e+00
   4.8010000e-01   8.0010000e-01   0.0000000e+00
   5.2010000e-01   8.0010000e-01   0.0000000e+00
   5.6010000e-01   8.0010000e-01   0.0000000e+00
   6.0010000e-01   8.0010000e-01   0.0000000e+00
   6.4010000e-01   8.0010000e-01   0.0000000e+00
   6.8010000e-01   8.0010000e-01   0.0000000e+00
   7.2010000e-01   8.0010000e-01   0.0000000e+00
   7.6010000e-01   8.0010000e-01   0.0000000e+00
   8.0010000e-01   8.0010000e-01   0.0000000e+00
   8.4010000e-01   8.0010000e-01   0.0000000e+00
   8.8010000e-01   8.0010000e-01   0.0000000e+00
   9.2010000e-01   8.0010000e-01   0.0000000e+00
   9.6010000e-01   8.0010000e-01   0.0000000e+00
   1.0001000e+00   8.0010000e-01   0.0000000e+00
   1.0000000e-04   8.4010000e-01   0.0000000e+00
   4.0100000e-02   8.4010000e-01   0.0000000e+00
   8.0100000e-02   8.4010000e-01   0.0000000e+00
   1.2010000e-01   8.4010000e-01   0.0000000e+00
   1.6010000e-01   8.4010000e-01   0.0000000e+00
   2.0010000e-01   8.4010000e-01   0.0000000e+00
   2.4010000e-01   8.4010000e-01   0.0000000e+00
   2.8010000e-01   8.4010000e-01   0.0000000e+00
   3.2010000e-01   8.4010000e-01   0.0000000e+00
   3.6010000e-01   8.4010000e-01   0.0000000e+00
   4.0010000e-01   8.4010000e-01   0.0000000e+00
   4.4010000e-01   8.4010000e-01   0.0000000e+00
   4.8010000e-01   8.4010000e-01   0.0000000e+00
   5.2010000e-01   8.4010000e-01   0.0000000e+00
   5.6010000e-01   8.4010000e-01   0.0000000e+00
   6.0010000e-01   8.4010000e-01   0.0000000e+00
   6.4010000e-01   8.4010000e-01   0.0000000e+00
   6.8010000e-01   8.4010000e-01   0.0000000e+00
   7.2010000e-01   8.4010000e-01   0.0000000e+00
   7.6010000e-01   8.4010000e-01   0.0000000e+00
   8.0010000e-01   8.4010000e-01   0.0000000e+00
   8.4010000e-01   8.4010000e-01   0.0000000e+00
   8.8010000e-01   8.4010000e-01   0.0000000e+00
   9.2010000e-01   8.4010000e-01   0.0000000e+00
   9.6010000e-01   8.4010000e-01   0.0000000e+00
   1.0001000e+00   8.4010000e-01   0.0000000e+00
   1.0000000e-04   8.8010000e-01   0.0000000e+00
   4.0100000e-02   8.8010000e-01   0.0000000e+00
   8.0100000e-02   8.8010000e-01   0.0000000e+00
   1.2010000e-01   8.8010000e-01   0.0000000e+00
   1.6010000e-01   8.8010000e-01   0.0000000e+00
   2.0010000e-01   8.8010000e-01   0.0000000e+00
   2.4010000e-01   8.8010000e-01   0.0000000e+00
   2.8010000e-01   8.8010000e-01   0.0000000e+00
   3.2010000e-01   8.8010000e-01   0.0000000e+00
   3.6010000e-01   8.8010000e-01   0.0000000e+00
   4.0010000e-01   8.8010000e-01   0.0000000e+00
   4.4010000e-01   8.8010000e-01   0.0000000e+00
   4.8010000e-01   8.8010000e-01   0.0000000e+00
   5.2010000e-01   8.8010000e-01   0.0000000e+00
   5.6010000e-01   8.8010000e-01   0.0000000e+00
   6.0010000e-01   8.8010000e-01   0.0000000e+00
   6.4010000e-01   8.8010000e-01   0.0000000e+00
   6.8010000e-01   8.8010000e-01   0.0000000e+00
   7.2010000e-01   8.8010000e-01   0.0000000e+00
   7.6010000e-01   8.8010000e-01   0.0000000e+00
   8.0010000e-01   8.8010000e-01   0.0000000e+00
   8.4010000e-01   8.8010000e-01   0.0000000e+00
   8.8010000e-01   8.8010000e-01   0.0000000e+00
   9.2010000e-01   8.8010000e-01   0.0000000e+00
   9.6010000e-01   8.8010000e-01   0.0000000e+00
   1.0001000e+00   8.8010000e-01   0.0000000e+00
   1.0000000e-04   9.2010000e-01   0.0000000e+00
   4.0100000e-02   9.2010000e-01   0.0000000e+00
   8.0100000e-02   9.2010000e-01   0.0000000e+00
   1.2010000e-01   9.2010000e-01   0.0000000e+00
   1.6010000e-01   9.2010000e-01   0.0000000e+00
   2.0010000e-01   9.2010000e-01   0.0000000e+00
   2.4010000e-01   9.2010000e-01   0.0000000e+00
   2.8010000e-01   9.2010000e-01   0.0000000e+00
   3.2010000e-01   9.2010000e-01   0.0000000e+00
   3.6010000e-01   9.2010000e-01   0.0000000e+00
   4.0010000e-01   9.2010000e-01   0.0000000e+00
   4.4010000e-01   9.2010000e-01   0.0000000e+00
   4.8010000e-01   9.2010000e-01   0.0000000e+00
   5.2010000e-01   9.2010000e-01   0.0000000e+00
   5.6010000e-01   9.2010000e-01   0.0000000e+00
   6.0010000e-01   9.2010000e-01   0.0000000e+00
   6.4010000e-01   9.2010000e-01   0.0000000e+00
   6.8010000e-01   9.2010000e-01   0.0000000e+00
   7.2010000e-01   9.2010000e-01   0.0000000e+00
   7.6010000e-01   9.2010000e-01   0.0000000e+00
   8.0010000e-01   9.2010000e-01   0.0000000e+00
   8.4010000e-01   9.2010000e-01   0.0000000e+00
   8.8010000e-01   9.2010000e-01   0.0000000e+00
   9.2010000e-01   9.2010000e-01   0.0000000e+00
   9.6010000e-01   9.2010000e-01   0.0000000e+00
   1.0001000e+00   9.2010000e-01   0.0000000e+00
   1.0000000e-04   9.6010000e-01   0.0000000e+00
   4.0100000e-02   9.6010000e-01   0.0000000e+00
   8.0100000e-02   9.6010000e-01   0.0000000e+00
   1.2010000e-01   9.6010000e-01   0.0000000e+00
   1.6010000e-01   9.6010000e-01   0.0000000e+00
   2.0010000e-01   9.6010000e-01   0.0000000e+00
   2.4010000e-01   9.6010000e-01   0.0000000e+00
   2.8010000e-01   9.6010000e-01   0.0000000e+00
   3.2010000e-01   9.6010000e-01   0.0000000e+00
   3.6010000e-01   9.6010000e-01   0.0000000e+00
   4.0010000e-01   9.6010000e-01   0.0000000e+00
   4.4010000e-01   9.6010000e-01   0.0000000e+00
   4.8010000e-01   9.6010000e-01   0.0000000e+00
   5.2010000e-01   9.6010000e-01   0.0000000e+00
   5.6010000e-01   9.6010000e-01   0.0000000e+00
   6.0010000e-01   9.6010000e-01   0.0000000e+00
   6.4010000e-01   9.6010000e-01   0.0000000e+00
   6.8010000e-01   9.6010000e-01   0.0000000e+00
   7.2010000e-01   9.6010000e-01   0.0000000e+00
   7.6010000e-01   9.6010000e-01   0.0000000e+00
   8.0010000e-01   9.6010000e-01   0.0000000e+00
   8.4010000e-01   9.6010000e-01   0.0000000e+00
   8.8010000e-01   9.6010000e-01   0.0000000e+00
   9.2010000e-01   9.6010000e-01   0.0000000e+00
   9.6010000e-01   9.6010000e-01   0.0000000e+00
   1.0001000e+00   9.6010000e-01   0.0000000e+00
   1.0000000e-04   1.0001000e+00   0.0000000e+00
   4.0100000e-02   1.0001000e+00   0.0000000e+00
   8.0100000e-02   1.0001000e+00   0.0000000e+00
   1.2010000e-01   1.0001000e+00   0.0000000e+00
   1.6010000e-01   1.0001000e+00   0.0000000e+00
   2.0010000e-01   1.0001000e+00   0.0000000e+00
   2.4010000e-01   1.0001000e+00   0.0000000e+00
   2.8010000e-01   1.0001000e+00   0.0000000e+00
   3.2010000e-01   1.0001000e+00   0.0000000e+00
   3.6010000e-01   1.0001000e+00   0.0000000e+00
   4.0010000e-01   1.0001000e+00   0.0000000e+00
   4.4010000e-01   1.0001000e+00   0.0000000e+00
   4.8010000e-01   1.0001000e+00   0.0000000e+00
   5.2010000e-01   1.0001000e+00   0.0000000e+00
   5.6010000e-01   1.0001000e+00   0.0000000e+00
   6.0010000e-01   1.0001000e+00   0.0000000e+00
   6.4010000e-01   1.0001000e+00   0.0000000e+00
   6.8010000e-01   1.0001000e+00   0.0000000e+00
   7.2010000e-01   1.0001000e+00   0.0000000e+00
   7.6010000e-01   1.0001000e+00   0.0000000e+00
   8.0010000e-01   1.0001000e+00   0.0000000e+00
   8.4010000e-01   1.0001000e+00   0.0000000e+00
   8.8010000e-01   1.0001000e+00   0.0000000e+00
   9.2010000e-01   1.0001000e+00   0.0000000e+00
   9.6010000e-01   1.0001000e+00   0.0000000e+00
   1.0001000e+00   1.0001000e+00   0.0000000e+00