   1.0000000e-04   1.0000000e-04   0.0000000e+00
   2.5010000e-01   1.0000000e-04   0.0000000e+00
   5.0010000e-01   1.0000000e-04   0.0000000e+00
   7.5010000e-01   1.0000000e-04   0.0000000e+00
   1.0001000e+00   1.0000000e-04   0.0000000e+00
   1.0000000e-04   2.5010000e-01   0.0000000e+00
   2.5010000e-01   2.5010000e-01   0.0000000e+00
   5.0010000e-01   2.5010000e-01   0.0000000e+00
   7.5010000e-01   2.5010000e-01   0.0000000e+00
   1.0001000e+00   2.5010000e-01   0.0000000e+00
   1.0000000e-04   5.0010000e-01   0.0000000e+00
   2.5010000e-01   5.0010000e-01   0.0000000e+00
   5.0010000e-01   5.0010000e-01   0.0000000e+00
   7.5010000e-01   5.0010000e-01   0.0000000e+00
   1.0001000e+00   5.0010000e-01   0.0000000e+00
   1.0000000e-04   7.5010000e-01   0.0000000e+00
   2.5010000e-01   7.5010000e-01   0.0000000e+00
   5.0010000e-01   7.5010000e-01   0.0000000e+00
   7.5010000e-01   7.5010000e-01   0.0000000e+00
   1.0001000e+00   7.5010000e-01   0.0000000e+00
   1.0000000e-04   1.0001000e+00   0.0000000e+00
   2.5010000e-01   1.0001000e+00   0.0000000e+00
   5.0010000e-01   1.0001000e+00   0.0000000e+00
   7.5010000e-01   1.0001000e+00   0.0000000e+00
   1.0001000e+00   1.0001000e+00   0.0000000e+00