   1.0000000e-04   1.0000000e-04   0.0000000e+00
   2.0010000e-01   1.0000000e-04   0.0000000e+00
   4.0010000e-01   1.0000000e-04   0.0000000e+00
   6.0010000e-01   1.0000000e-04   0.0000000e+00
   8.0010000e-01   1.0000000e-04   0.0000000e+00
   1.0001000e+00   1.0000000e-04   0.0000000e+00
   1.0000000e-04   2.0010000e-01   0.0000000e+00
   2.0010000e-01   2.0010000e-01   0.0000000e+00
   4.0010000e-01   2.0010000e-01   0.0000000e+00
   6.0010000e-01   2.0010000e-01   0.0000000e+00
   8.0010000e-01   2.0010000e-01   0.0000000e+00
   1.0001000e+00   2.0010000e-01   0.0000000e+00
   1.0000000e-04   4.0010000e-01   0.0000000e+00
   2.0010000e-01   4.0010000e-01   0.0000000e+00
   4.0010000e-01   4.0010000e-01   0.0000000e+00
   6.0010000e-01   4.0010000e-01   0.0000000e+00
   8.0010000e-01   4.0010000e-01   0.0000000e+00
   1.0001000e+00   4.0010000e-01   0.0000000e+00
   1.0000000e-04   6.0010000e-01   0.0000000e+00
   2.0010000e-01   6.0010000e-01   0.0000000e+00
   4.0010000e-01   6.0010000e-01   0.0000000e+00
   6.0010000e-01   6.0010000e-01   0.0000000e+00
   8.0010000e-01   6.0010000e-01   0.0000000e+00
   1.0001000e+00   6.0010000e-01   0.0000000e+00
   1.0000000e-04   8.0010000e-01   0.0000000e+00
   2.0010000e-01   8.0010000e-01   0.0000000e+00
   4.0010000e-01   8.0010000e-01   0.0000000e+00
   6.0010000e-01   8.0010000e-01   0.0000000e+00
   8.0010000e-01   8.0010000e-01   0.0000000e+00
   1.0001000e+00   8.0010000e-01   0.0000000e+00
   1.0000000e-04   1.0001000e+00   0.0000000e+00
   2.0010000e-01   1.0001000e+00   0.0000000e+00
   4.0010000e-01   1.0001000e+00   0.0000000e+00
   6.0010000e-01   1.0001000e+00   0.0000000e+00
   8.0010000e-01   1.0001000e+00   0.0000000e+00
   1.0001000e+00   1.0001000e+00   0.0000000e+00