   1.0000000e-04   1.0000000e-04   0.0000000e+00
   6.6766667e-02   1.0000000e-04   0.0000000e+00
   1.3343333e-01   1.0000000e-04   0.0000000e+00
   2.0010000e-01   1.0000000e-04   0.0000000e+00
   2.6676667e-01   1.0000000e-04   0.0000000e+00
   3.3343333e-01   1.0000000e-04   0.0000000e+00
   4.0010000e-01   1.0000000e-04   0.0000000e+00
   4.6676667e-01   1.0000000e-04   0.0000000e+00
   5.3343333e-01   1.0000000e-04   0.0000000e+00
   6.0010000e-01   1.0000000e-04   0.0000000e+00
   6.6676667e-01   1.0000000e-04   0.0000000e+00
   7.3343333e-01   1.0000000e-04   0.0000000e+00
   8.0010000e-01   1.0000000e-04   0.0000000e+00
   8.6676667e-01   1.0000000e-04   0.0000000e+00
   9.3343333e-01   1.0000000e-04   0.0000000e+00
   1.0001000e+00   1.0000000e-04   0.0000000e+00
   1.0000000e-04   6.6766667e-02   0.0000000e+00
   6.6766667e-02   6.6766667e-02   0.0000000e+00
   1.3343333e-01   6.6766667e-02   0.0000000e+00
   2.0010000e-01   6.6766667e-02   0.0000000e+00
   2.6676667e-01   6.6766667e-02   0.0000000e+00
   3.3343333e-01   6.6766667e-02   0.0000000e+00
   4.0010000e-01   6.6766667e-02   0.0000000e+00
   4.6676667e-01   6.6766667e-02   0.0000000e+00
   5.3343333e-01   6.6766667e-02   0.0000000e+00
   6.0010000e-01   6.6766667e-02   0.0000000e+00
   6.6676667e-01   6.6766667e-02   0.0000000e+00
   7.3343333e-01   6.6766667e-02   0.0000000e+00
   8.0010000e-01   6.6766667e-02   0.0000000e+00
   8.6676667e-01   6.6766667e-02   0.0000000e+00
   9.3343333e-01   6.6766667e-02   0.0000000e+00
   1.0001000e+00   6.6766667e-02   0.0000000e+00
   1.0000000e-04   1.3343333e-01   0.0000000e+00
   6.6766667e-02   1.3343333e-01   0.0000000e+00
   1.3343333e-01   1.3343333e-01   0.0000000e+00
   2.0010000e-01   1.3343333e-01   0.0000000e+00
   2.6676667e-01   1.3343333e-01   0.0000000e+00
   3.3343333e-01   1.3343333e-01   0.0000000e+00
   4.0010000e-01   1.3343333e-01   0.0000000e+00
   4.6676667e-01   1.3343333e-01   0.0000000e+00
   5.3343333e-01   1.3343333e-01   0.0000000e+00
   6.0010000e-01   1.3343333e-01   0.0000000e+00
   6.6676667e-01   1.3343333e-01   0.0000000e+00
   7.3343333e-01   1.3343333e-01   0.0000000e+00
   8.0010000e-01   1.3343333e-01   0.0000000e+00
   8.6676667e-01   1.3343333e-01   0.0000000e+00
   9.3343333e-01   1.3343333e-01   0.0000000e+00
   1.0001000e+00   1.3343333e-01   0.0000000e+00
   1.0000000e-04   2.0010000e-01   0.0000000e+00
   6.6766667e-02   2.0010000e-01   0.0000000e+00
   1.3343333e-01   2.0010000e-01   0.0000000e+00
   2.0010000e-01   2.0010000e-01   0.0000000e+00
   2.6676667e-01   2.0010000e-01   0.0000000e+00
   3.3343333e-01   2.0010000e-01   0.0000000e+00
   4.0010000e-01   2.0010000e-01   0.0000000e+00
   4.6676667e-01   2.0010000e-01   0.0000000e+00
   5.3343333e-01   2.0010000e-01   0.0000000e+00
   6.0010000e-01   2.0010000e-01   0.0000000e+00
   6.6676667e-01   2.0010000e-01   0.0000000e+00
   7.3343333e-01   2.0010000e-01   0.0000000e+00
   8.0010000e-01   2.0010000e-01   0.0000000e+00
   8.6676667e-01   2.0010000e-01   0.0000000e+00
   9.3343333e-01   2.0010000e-01   0.0000000e+00
   1.0001000e+00   2.0010000e-01   0.0000000e+00
   1.0000000e-04   2.6676667e-01   0.0000000e+00
   6.6766667e-02   2.6676667e-01   0.0000000e+00
   1.3343333e-01   2.6676667e-01   0.0000000e+00
   2.0010000e-01   2.6676667e-01   0.0000000e+00
   2.6676667e-01   2.6676667e-01   0.0000000e+00
   3.3343333e-01   2.6676667e-01   0.0000000e+00
   4.0010000e-01   2.6676667e-01   0.0000000e+00
   4.6676667e-01   2.6676667e-01   0.0000000e+00
   5.3343333e-01   2.6676667e-01   0.0000000e+00
   6.0010000e-01   2.6676667e-01   0.0000000e+00
   6.6676667e-01   2.6676667e-01   0.0000000e+00
   7.3343333e-01   2.6676667e-01   0.0000000e+00
   8.0010000e-01   2.6676667e-01   0.0000000e+00
   8.6676667e-01   2.6676667e-01   0.0000000e+00
   9.3343333e-01   2.6676667e-01   0.0000000e+00
   1.0001000e+00   2.6676667e-01   0.0000000e+00
   1.0000000e-04   3.3343333e-01   0.0000000e+00
   6.6766667e-02   3.3343333e-01   0.0000000e+00
   1.3343333e-01   3.3343333e-01   0.0000000e+00
   2.0010000e-01   3.3343333e-01   0.0000000e+00
   2.6676667e-01   3.3343333e-01   0.0000000e+00
   3.3343333e-01   3.3343333e-01   0.0000000e+00
   4.0010000e-01   3.3343333e-01   0.0000000e+00
   4.6676667e-01   3.3343333e-01   0.0000000e+00
   5.3343333e-01   3.3343333e-01   0.0000000e+00
   6.0010000e-01   3.3343333e-01   0.0000000e+00
   6.6676667e-01   3.3343333e-01   0.0000000e+00
   7.3343333e-01   3.3343333e-01   0.0000000e+00
   8.0010000e-01   3.3343333e-01   0.0000000e+00
   8.6676667e-01   3.3343333e-01   0.0000000e+00
   9.3343333e-01   3.3343333e-01   0.0000000e+00
   1.0001000e+00   3.3343333e-01   0.0000000e+00
   1.0000000e-04   4.0010000e-01   0.0000000e+00
   6.6766667e-02   4.0010000e-01   0.0000000e+00
   1.3343333e-01   4.0010000e-01   0.0000000e+00
   2.0010000e-01   4.0010000e-01   0.0000000e+00
   2.6676667e-01   4.0010000e-01   0.0000000e+00
   3.3343333e-01   4.0010000e-01   0.0000000e+00
   4.0010000e-01   4.0010000e-01   0.0000000e+00
   4.6676667e-01   4.0010000e-01   0.0000000e+00
   5.3343333e-01   4.0010000e-01   0.0000000e+00
   6.0010000e-01   4.0010000e-01   0.0000000e+00
   6.6676667e-01   4.0010000e-01   0.0000000e+00
   7.3343333e-01   4.0010000e-01   0.0000000e+00
   8.0010000e-01   4.0010000e-01   0.0000000e+00
   8.6676667e-01   4.0010000e-01   0.0000000e+00
   9.3343333e-01   4.0010000e-01   0.0000000e+00
   1.0001000e+00   4.0010000e-01   0.0000000e+00
   1.0000000e-04   4.6676667e-01   0.0000000e+00
   6.6766667e-02   4.6676667e-01   0.0000000e+00
   1.3343333e-01   4.6676667e-01   0.0000000e+00
   2.0010000e-01   4.6676667e-01   0.0000000e+00
   2.6676667e-01   4.6676667e-01   0.0000000e+00
   3.3343333e-01   4.6676667e-01   0.0000000e+00
   4.0010000e-01   4.6676667e-01   0.0000000e+00
   4.6676667e-01   4.6676667e-01   0.0000000e+00
   5.3343333e-01   4.6676667e-01   0.0000000e+00
   6.0010000e-01   4.6676667e-01   0.0000000e+00
   6.6676667e-01   4.6676667e-01   0.0000000e+00
   7.3343333e-01   4.6676667e-01   0.0000000e+00
   8.0010000e-01   4.6676667e-01   0.0000000e+00
   8.6676667e-01   4.6676667e-01   0.0000000e+00
   9.3343333e-01   4.6676667e-01   0.0000000e+00
   1.0001000e+00   4.6676667e-01   0.0000000e+00
   1.0000000e-04   5.3343333e-01   0.0000000e+00
   6.6766667e-02   5.3343333e-01   0.0000000e+00
   1.3343333e-01   5.3343333e-01   0.0000000e+00
   2.0010000e-01   5.3343333e-01   0.0000000e+00
   2.6676667e-01   5.3343333e-01   0.0000000e+00
   3.3343333e-01   5.3343333e-01   0.0000000e+00
   4.0010000e-01   5.3343333e-01   0.0000000e+00
   4.6676667e-01   5.3343333e-01   0.0000000e+00
   5.3343333e-01   5.3343333e-01   0.0000000e+00
   6.0010000e-01   5.3343333e-01   0.0000000e+00
   6.6676667e-01   5.3343333e-01   0.0000000e+00
   7.3343333e-01   5.3343333e-01   0.0000000e+00
   8.0010000e-01   5.3343333e-01   0.0000000e+00
   8.6676667e-01   5.3343333e-01   0.0000000e+00
   9.3343333e-01   5.3343333e-01   0.0000000e+00
   1.0001000e+00   5.3343333e-01   0.0000000e+00
   1.0000000e-04   6.0010000e-01   0.0000000e+00
   6.6766667e-02   6.0010000e-01   0.0000000e+00
   1.3343333e-01   6.0010000e-01   0.0000000e+00
   2.0010000e-01   6.0010000e-01   0.0000000e+00
   2.6676667e-01   6.0010000e-01   0.0000000e+00
   3.3343333e-01   6.0010000e-01   0.0000000e+00
   4.0010000e-01   6.0010000e-01   0.0000000e+00
   4.6676667e-01   6.0010000e-01   0.0000000e+00
   5.3343333e-01   6.0010000e-01   0.0000000e+00
   6.0010000e-01   6.0010000e-01   0.0000000e+00
   6.6676667e-01   6.0010000e-01   0.0000000e+00
   7.3343333e-01   6.0010000e-01   0.0000000e+00
   8.0010000e-01   6.0010000e-01   0.0000000e+00
   8.6676667e-01   6.0010000e-01   0.0000000e+00
   9.3343333e-01   6.0010000e-01   0.0000000e+00
   1.0001000e+00   6.0010000e-01   0.0000000e+00
   1.0000000e-04   6.6676667e-01   0.0000000e+00
   6.6766667e-02   6.6676667e-01   0.0000000e+00
   1.3343333e-01   6.6676667e-01   0.0000000e+00
   2.0010000e-01   6.6676667e-01   0.0000000e+00
   2.6676667e-01   6.6676667e-01   0.0000000e+00
   3.3343333e-01   6.6676667e-01   0.0000000e+00
   4.0010000e-01   6.6676667e-01   0.0000000e+00
   4.6676667e-01   6.6676667e-01   0.0000000e+00
   5.3343333e-01   6.6676667e-01   0.0000000e+00
   6.0010000e-01   6.6676667e-01   0.0000000e+00
   6.6676667e-01   6.6676667e-01   0.0000000e+00
   7.3343333e-01   6.6676667e-01   0.0000000e+00
   8.0010000e-01   6.6676667e-01   0.0000000e+00
   8.6676667e-01   6.6676667e-01   0.0000000e+00
   9.3343333e-01   6.6676667e-01   0.0000000e+00
   1.0001000e+00   6.6676667e-01   0.0000000e+00
   1.0000000e-04   7.3343333e-01   0.0000000e+00
   6.6766667e-02   7.3343333e-01   0.0000000e+00
   1.3343333e-01   7.3343333e-01   0.0000000e+00
   2.0010000e-01   7.3343333e-01   0.0000000e+00
   2.6676667e-01   7.3343333e-01   0.0000000e+00
   3.3343333e-01   7.3343333e-01   0.0000000e+00
   4.0010000e-01   7.3343333e-01   0.0000000e+00
   4.6676667e-01   7.3343333e-01   0.0000000e+00
   5.3343333e-01   7.3343333e-01   0.0000000e+00
   6.0010000e-01   7.3343333e-01   0.0000000e+00
   6.6676667e-01   7.3343333e-01   0.0000000e+00
   7.3343333e-01   7.3343333e-01   0.0000000e+00
   8.0010000e-01   7.3343333e-01   0.0000000e+00
   8.6676667e-01   7.3343333e-01   0.0000000e+00
   9.3343333e-01   7.3343333e-01   0.0000000e+00
   1.0001000e+00   7.3343333e-01   0.0000000e+00
   1.0000000e-04   8.0010000e-01   0.0000000e+00
   6.6766667e-02   8.0010000e-01   0.0000000e+00
   1.3343333e-01   8.0010000e-01   0.0000000e+00
   2.0010000e-01   8.0010000e-01   0.0000000e+00
   2.6676667e-01   8.0010000e-01   0.0000000e+00
   3.3343333e-01   8.0010000e-01   0.0000000e+00
   4.0010000e-01   8.0010000e-01   0.0000000e+00
   4.6676667e-01   8.0010000e-01   0.0000000e+00
   5.3343333e-01   8.0010000e-01   0.0000000e+00
   6.0010000e-01   8.0010000e-01   0.0000000e+00
   6.6676667e-01   8.0010000e-01   0.0000000e+00
   7.3343333e-01   8.0010000e-01   0.0000000e+00
   8.0010000e-01   8.0010000e-01   0.0000000e+00
   8.6676667e-01   8.0010000e-01   0.0000000e+00
   9.3343333e-01   8.0010000e-01   0.0000000e+00
   1.0001000e+00   8.0010000e-01   0.0000000e+00
   1.0000000e-04   8.6676667e-01   0.0000000e+00
   6.6766667e-02   8.6676667e-01   0.0000000e+00
   1.3343333e-01   8.6676667e-01   0.0000000e+00
   2.0010000e-01   8.6676667e-01   0.0000000e+00
   2.6676667e-01   8.6676667e-01   0.0000000e+00
   3.3343333e-01   8.6676667e-01   0.0000000e+00
   4.0010000e-01   8.6676667e-01   0.0000000e+00
   4.6676667e-01   8.6676667e-01   0.0000000e+00
   5.3343333e-01   8.6676667e-01   0.0000000e+00
   6.0010000e-01   8.6676667e-01   0.0000000e+00
   6.6676667e-01   8.6676667e-01   0.0000000e+00
   7.3343333e-01   8.6676667e-01   0.0000000e+00
   8.0010000e-01   8.6676667e-01   0.0000000e+00
   8.6676667e-01   8.6676667e-01   0.0000000e+00
   9.3343333e-01   8.6676667e-01   0.0000000e+00
   1.0001000e+00   8.6676667e-01   0.0000000e+00
   1.0000000e-04   9.3343333e-01   0.0000000e+00
   6.6766667e-02   9.3343333e-01   0.0000000e+00
   1.3343333e-01   9.3343333e-01   0.0000000e+00
   2.0010000e-01   9.3343333e-01   0.0000000e+00
   2.6676667e-01   9.3343333e-01   0.0000000e+00
   3.3343333e-01   9.3343333e-01   0.0000000e+00
   4.0010000e-01   9.3343333e-01   0.0000000e+00
   4.6676667e-01   9.3343333e-01   0.0000000e+00
   5.3343333e-01   9.3343333e-01   0.0000000e+00
   6.0010000e-01   9.3343333e-01   0.0000000e+00
   6.6676667e-01   9.3343333e-01   0.0000000e+00
   7.3343333e-01   9.3343333e-01   0.0000000e+00
   8.0010000e-01   9.3343333e-01   0.0000000e+00
   8.6676667e-01   9.3343333e-01   0.0000000e+00
   9.3343333e-01   9.3343333e-01   0.0000000e+00
   1.0001000e+00   9.3343333e-01   0.0000000e+00
   1.0000000e-04   1.0001000e+00   0.0000000e+00
   6.6766667e-02   1.0001000e+00   0.0000000e+00
   1.3343333e-01   1.0001000e+00   0.0000000e+00
   2.0010000e-01   1.0001000e+00   0.0000000e+00
   2.6676667e-01   1.0001000e+00   0.0000000e+00
   3.3343333e-01   1.0001000e+00   0.0000000e+00
   4.0010000e-01   1.0001000e+00   0.0000000e+00
   4.6676667e-01   1.0001000e+00   0.0000000e+00
   5.3343333e-01   1.0001000e+00   0.0000000e+00
   6.0010000e-01   1.0001000e+00   0.0000000e+00
   6.6676667e-01   1.0001000e+00   0.0000000e+00
   7.3343333e-01   1.0001000e+00   0.0000000e+00
   8.0010000e-01   1.0001000e+00   0.0000000e+00
   8.6676667e-01   1.0001000e+00   0.0000000e+00
   9.3343333e-01   1.0001000e+00   0.0000000e+00
   1.0001000e+00   1.0001000e+00   0.0000000e+00