   1.0000000e-04   1.0000000e-04   0.0000000e+00
   2.5100000e-02   1.0000000e-04   0.0000000e+00
   5.0100000e-02   1.0000000e-04   0.0000000e+00
   7.5100000e-02   1.0000000e-04   0.0000000e+00
   1.0010000e-01   1.0000000e-04   0.0000000e+00
   1.2510000e-01   1.0000000e-04   0.0000000e+00
   1.5010000e-01   1.0000000e-04   0.0000000e+00
   1.7510000e-01   1.0000000e-04   0.0000000e+00
   2.0010000e-01   1.0000000e-04   0.0000000e+00
   2.2510000e-01   1.0000000e-04   0.0000000e+00
   2.5010000e-01   1.0000000e-04   0.0000000e+00
   2.7510000e-01   1.0000000e-04   0.0000000e+00
   3.0010000e-01   1.0000000e-04   0.0000000e+00
   3.2510000e-01   1.0000000e-04   0.0000000e+00
   3.5010000e-01   1.0000000e-04   0.0000000e+00
   3.7510000e-01   1.0000000e-04   0.0000000e+00
   4.0010000e-01   1.0000000e-04   0.0000000e+00
   4.2510000e-01   1.0000000e-04   0.0000000e+00
   4.5010000e-01   1.0000000e-04   0.0000000e+00
   4.7510000e-01   1.0000000e-04   0.0000000e+00
   5.0010000e-01   1.0000000e-04   0.0000000e+00
   5.2510000e-01   1.0000000e-04   0.0000000e+00
   5.5010000e-01   1.0000000e-04   0.0000000e+00
   5.7510000e-01   1.0000000e-04   0.0000000e+00
   6.0010000e-01   1.0000000e-04   0.0000000e+00
   6.2510000e-01   1.0000000e-04   0.0000000e+00
   6.5010000e-01   1.0000000e-04   0.0000000e+00
   6.7510000e-01   1.0000000e-04   0.0000000e+00
   7.0010000e-01   1.0000000e-04   0.0000000e+00
   7.2510000e-01   1.0000000e-04   0.0000000e+00
   7.5010000e-01   1.0000000e-04   0.0000000e+00
   7.7510000e-01   1.0000000e-04   0.0000000e+00
   8.0010000e-01   1.0000000e-04   0.0000000e+00
   8.2510000e-01   1.0000000e-04   0.0000000e+00
   8.5010000e-01   1.0000000e-04   0.0000000e+00
   8.7510000e-01   1.0000000e-04   0.0000000e+00
   9.0010000e-01   1.0000000e-04   0.0000000e+00
   9.2510000e-01   1.0000000e-04   0.0000000e+00
   9.5010000e-01   1.0000000e-04   0.0000000e+00
   9.7510000e-01   1.0000000e-04   0.0000000e+00
   1.0001000e+00   1.0000000e-04   0.0000000e+00
   1.0000000e-04   2.5100000e-02   0.0000000e+00
   2.5100000e-02   2.5100000e-02   0.0000000e+00
   5.0100000e-02   2.5100000e-02   0.0000000e+00
   7.5100000e-02   2.5100000e-02   0.0000000e+00
   1.0010000e-01   2.5100000e-02   0.0000000e+00
   1.2510000e-01   2.5100000e-02   0.0000000e+00
   1.5010000e-01   2.5100000e-02   0.0000000e+00
   1.7510000e-01   2.5100000e-02   0.0000000e+00
   2.0010000e-01   2.5100000e-02   0.0000000e+00
   2.2510000e-01   2.5100000e-02   0.0000000e+00
   2.5010000e-01   2.5100000e-02   0.0000000e+00
   2.7510000e-01   2.5100000e-02   0.0000000e+00
   3.0010000e-01   2.5100000e-02   0.0000000e+00
   3.2510000e-01   2.5100000e-02   0.0000000e+00
   3.5010000e-01   2.5100000e-02   0.0000000e+00
   3.7510000e-01   2.5100000e-02   0.0000000e+00
   4.0010000e-01   2.5100000e-02   0.0000000e+00
   4.2510000e-01   2.5100000e-02   0.0000000e+00
   4.5010000e-01   2.5100000e-02   0.0000000e+00
   4.7510000e-01   2.5100000e-02   0.0000000e+00
   5.0010000e-01   2.5100000e-02   0.0000000e+00
   5.2510000e-01   2.5100000e-02   0.0000000e+00
   5.5010000e-01   2.5100000e-02   0.0000000e+00
   5.7510000e-01   2.5100000e-02   0.0000000e+00
   6.0010000e-01   2.5100000e-02   0.0000000e+00
   6.2510000e-01   2.5100000e-02   0.0000000e+00
   6.5010000e-01   2.5100000e-02   0.0000000e+00
   6.7510000e-01   2.5100000e-02   0.0000000e+00
   7.0010000e-01   2.5100000e-02   0.0000000e+00
   7.2510000e-01   2.5100000e-02   0.0000000e+00
   7.5010000e-01   2.5100000e-02   0.0000000e+00
   7.7510000e-01   2.5100000e-02   0.0000000e+00
   8.0010000e-01   2.5100000e-02   0.0000000e+00
   8.2510000e-01   2.5100000e-02   0.0000000e+00
   8.5010000e-01   2.5100000e-02   0.0000000e+00
   8.7510000e-01   2.5100000e-02   0.0000000e+00
   9.0010000e-01   2.5100000e-02   0.0000000e+00
   9.2510000e-01   2.5100000e-02   0.0000000e+00
   9.5010000e-01   2.5100000e-02   0.0000000e+00
   9.7510000e-01   2.5100000e-02   0.0000000e+00
   1.0001000e+00   2.5100000e-02   0.0000000e+00
   1.0000000e-04   5.0100000e-02   0.0000000e+00
   2.5100000e-02   5.0100000e-02   0.0000000e+00
   5.0100000e-02   5.0100000e-02   0.0000000e+00
   7.5100000e-02   5.0100000e-02   0.0000000e+00
   1.0010000e-01   5.0100000e-02   0.0000000e+00
   1.2510000e-01   5.0100000e-02   0.0000000e+00
   1.5010000e-01   5.0100000e-02   0.0000000e+00
   1.7510000e-01   5.0100000e-02   0.0000000e+00
   2.0010000e-01   5.0100000e-02   0.0000000e+00
   2.2510000e-01   5.0100000e-02   0.0000000e+00
   2.5010000e-01   5.0100000e-02   0.0000000e+00
   2.7510000e-01   5.0100000e-02   0.0000000e+00
   3.0010000e-01   5.0100000e-02   0.0000000e+00
   3.2510000e-01   5.0100000e-02   0.0000000e+00
   3.5010000e-01   5.0100000e-02   0.0000000e+00
   3.7510000e-01   5.0100000e-02   0.0000000e+00
   4.0010000e-01   5.0100000e-02   0.0000000e+00
   4.2510000e-01   5.0100000e-02   0.0000000e+00
   4.5010000e-01   5.0100000e-02   0.0000000e+00
   4.7510000e-01   5.0100000e-02   0.0000000e+00
   5.0010000e-01   5.0100000e-02   0.0000000e+00
   5.2510000e-01   5.0100000e-02   0.0000000e+00
   5.5010000e-01   5.0100000e-02   0.0000000e+00
   5.7510000e-01   5.0100000e-02   0.0000000e+00
   6.0010000e-01   5.0100000e-02   0.0000000e+00
   6.2510000e-01   5.0100000e-02   0.0000000e+00
   6.5010000e-01   5.0100000e-02   0.0000000e+00
   6.7510000e-01   5.0100000e-02   0.0000000e+00
   7.0010000e-01   5.0100000e-02   0.0000000e+00
   7.2510000e-01   5.0100000e-02   0.0000000e+00
   7.5010000e-01   5.0100000e-02   0.0000000e+00
   7.7510000e-01   5.0100000e-02   0.0000000e+00
   8.0010000e-01   5.0100000e-02   0.0000000e+00
   8.2510000e-01   5.0100000e-02   0.0000000e+00
   8.5010000e-01   5.0100000e-02   0.0000000e+00
   8.7510000e-01   5.0100000e-02   0.0000000e+00
   9.0010000e-01   5.0100000e-02   0.0000000e+00
   9.2510000e-01   5.0100000e-02   0.0000000e+00
   9.5010000e-01   5.0100000e-02   0.0000000e+00
   9.7510000e-01   5.0100000e-02   0.0000000e+00
   1.0001000e+00   5.0100000e-02   0.0000000e+00
   1.0000000e-04   7.5100000e-02   0.0000000e+00
   2.5100000e-02   7.5100000e-02   0.0000000e+00
   5.0100000e-02   7.5100000e-02   0.0000000e+00
   7.5100000e-02   7.5100000e-02   0.0000000e+00
   1.0010000e-01   7.5100000e-02   0.0000000e+00
   1.2510000e-01   7.5100000e-02   0.0000000e+00
   1.5010000e-01   7.5100000e-02   0.0000000e+00
   1.7510000e-01   7.5100000e-02   0.0000000e+00
   2.0010000e-01   7.5100000e-02   0.0000000e+00
   2.2510000e-01   7.5100000e-02   0.0000000e+00
   2.5010000e-01   7.5100000e-02   0.0000000e+00
   2.7510000e-01   7.5100000e-02   0.0000000e+00
   3.0010000e-01   7.5100000e-02   0.0000000e+00
   3.2510000e-01   7.5100000e-02   0.0000000e+00
   3.5010000e-01   7.5100000e-02   0.0000000e+00
   3.7510000e-01   7.5100000e-02   0.0000000e+00
   4.0010000e-01   7.5100000e-02   0.0000000e+00
   4.2510000e-01   7.5100000e-02   0.0000000e+00
   4.5010000e-01   7.5100000e-02   0.0000000e+00
   4.7510000e-01   7.5100000e-02   0.0000000e+00
   5.0010000e-01   7.5100000e-02   0.0000000e+00
   5.2510000e-01   7.5100000e-02   0.0000000e+00
   5.5010000e-01   7.5100000e-02   0.0000000e+00
   5.7510000e-01   7.5100000e-02   0.0000000e+00
   6.0010000e-01   7.5100000e-02   0.0000000e+00
   6.2510000e-01   7.5100000e-02   0.0000000e+00
   6.5010000e-01   7.5100000e-02   0.0000000e+00
   6.7510000e-01   7.5100000e-02   0.0000000e+00
   7.0010000e-01   7.5100000e-02   0.0000000e+00
   7.2510000e-01   7.5100000e-02   0.0000000e+00
   7.5010000e-01   7.5100000e-02   0.0000000e+00
   7.7510000e-01   7.5100000e-02   0.0000000e+00
   8.0010000e-01   7.5100000e-02   0.0000000e+00
   8.2510000e-01   7.5100000e-02   0.0000000e+00
   8.5010000e-01   7.5100000e-02   0.0000000e+00
   8.7510000e-01   7.5100000e-02   0.0000000e+00
   9.0010000e-01   7.5100000e-02   0.0000000e+00
   9.2510000e-01   7.5100000e-02   0.0000000e+00
   9.5010000e-01   7.5100000e-02   0.0000000e+00
   9.7510000e-01   7.5100000e-02   0.0000000e+00
   1.0001000e+00   7.5100000e-02   0.0000000e+00
   1.0000000e-04   1.0010000e-01   0.0000000e+00
   2.5100000e-02   1.0010000e-01   0.0000000e+00
   5.0100000e-02   1.0010000e-01   0.0000000e+00
   7.5100000e-02   1.0010000e-01   0.0000000e+00
   1.0010000e-01   1.0010000e-01   0.0000000e+00
   1.2510000e-01   1.0010000e-01   0.0000000e+00
   1.5010000e-01   1.0010000e-01   0.0000000e+00
   1.7510000e-01   1.0010000e-01   0.0000000e+00
   2.0010000e-01   1.0010000e-01   0.0000000e+00
   2.2510000e-01   1.0010000e-01   0.0000000e+00
   2.5010000e-01   1.0010000e-01   0.0000000e+00
   2.7510000e-01   1.0010000e-01   0.0000000e+00
   3.0010000e-01   1.0010000e-01   0.0000000e+00
   3.2510000e-01   1.0010000e-01   0.0000000e+00
   3.5010000e-01   1.0010000e-01   0.0000000e+00
   3.7510000e-01   1.0010000e-01   0.0000000e+00
   4.0010000e-01   1.0010000e-01   0.0000000e+00
   4.2510000e-01   1.0010000e-01   0.0000000e+00
   4.5010000e-01   1.0010000e-01   0.0000000e+00
   4.7510000e-01   1.0010000e-01   0.0000000e+00
   5.0010000e-01   1.0010000e-01   0.0000000e+00
   5.2510000e-01   1.0010000e-01   0.0000000e+00
   5.5010000e-01   1.0010000e-01   0.0000000e+00
   5.7510000e-01   1.0010000e-01   0.0000000e+00
   6.0010000e-01   1.0010000e-01   0.0000000e+00
   6.2510000e-01   1.0010000e-01   0.0000000e+00
   6.5010000e-01   1.0010000e-01   0.0000000e+00
   6.7510000e-01   1.0010000e-01   0.0000000e+00
   7.0010000e-01   1.0010000e-01   0.0000000e+00
   7.2510000e-01   1.0010000e-01   0.0000000e+00
   7.5010000e-01   1.0010000e-01   0.0000000e+00
   7.7510000e-01   1.0010000e-01   0.0000000e+00
   8.0010000e-01   1.0010000e-01   0.0000000e+00
   8.2510000e-01   1.0010000e-01   0.0000000e+00
   8.5010000e-01   1.0010000e-01   0.0000000e+00
   8.7510000e-01   1.0010000e-01   0.0000000e+00
   9.0010000e-01   1.0010000e-01   0.0000000e+00
   9.2510000e-01   1.0010000e-01   0.0000000e+00
   9.5010000e-01   1.0010000e-01   0.0000000e+00
   9.7510000e-01   1.0010000e-01   0.0000000e+00
   1.0001000e+00   1.0010000e-01   0.0000000e+00
   1.0000000e-04   1.2510000e-01   0.0000000e+00
   2.5100000e-02   1.2510000e-01   0.0000000e+00
   5.0100000e-02   1.2510000e-01   0.0000000e+00
   7.5100000e-02   1.2510000e-01   0.0000000e+00
   1.0010000e-01   1.2510000e-01   0.0000000e+00
   1.2510000e-01   1.2510000e-01   0.0000000e+00
   1.5010000e-01   1.2510000e-01   0.0000000e+00
   1.7510000e-01   1.2510000e-01   0.0000000e+00
   2.0010000e-01   1.2510000e-01   0.0000000e+00
   2.2510000e-01   1.2510000e-01   0.0000000e+00
   2.5010000e-01   1.2510000e-01   0.0000000e+00
   2.7510000e-01   1.2510000e-01   0.0000000e+00
   3.0010000e-01   1.2510000e-01   0.0000000e+00
   3.2510000e-01   1.2510000e-01   0.0000000e+00
   3.5010000e-01   1.2510000e-01   0.0000000e+00
   3.7510000e-01   1.2510000e-01   0.0000000e+00
   4.0010000e-01   1.2510000e-01   0.0000000e+00
   4.2510000e-01   1.2510000e-01   0.0000000e+00
   4.5010000e-01   1.2510000e-01   0.0000000e+00
   4.7510000e-01   1.2510000e-01   0.0000000e+00
   5.0010000e-01   1.2510000e-01   0.0000000e+00
   5.2510000e-01   1.2510000e-01   0.0000000e+00
   5.5010000e-01   1.2510000e-01   0.0000000e+00
   5.7510000e-01   1.2510000e-01   0.0000000e+00
   6.0010000e-01   1.2510000e-01   0.0000000e+00
   6.2510000e-01   1.2510000e-01   0.0000000e+00
   6.5010000e-01   1.2510000e-01   0.0000000e+00
   6.7510000e-01   1.2510000e-01   0.0000000e+00
   7.0010000e-01   1.2510000e-01   0.0000000e+00
   7.2510000e-01   1.2510000e-01   0.0000000e+00
   7.5010000e-01   1.2510000e-01   0.0000000e+00
   7.7510000e-01   1.2510000e-01   0.0000000e+00
   8.0010000e-01   1.2510000e-01   0.0000000e+00
   8.2510000e-01   1.2510000e-01   0.0000000e+00
   8.5010000e-01   1.2510000e-01   0.0000000e+00
   8.7510000e-01   1.2510000e-01   0.0000000e+00
   9.0010000e-01   1.2510000e-01   0.0000000e+00
   9.2510000e-01   1.2510000e-01   0.0000000e+00
   9.5010000e-01   1.2510000e-01   0.0000000e+00
   9.7510000e-01   1.2510000e-01   0.0000000e+00
   1.0001000e+00   1.2510000e-01   0.0000000e+00
   1.0000000e-04   1.5010000e-01   0.0000000e+00
   2.5100000e-02   1.5010000e-01   0.0000000e+00
   5.0100000e-02   1.5010000e-01   0.0000000e+00
   7.5100000e-02   1.5010000e-01   0.0000000e+00
   1.0010000e-01   1.5010000e-01   0.0000000e+00
   1.2510000e-01   1.5010000e-01   0.0000000e+00
   1.5010000e-01   1.5010000e-01   0.0000000e+00
   1.7510000e-01   1.5010000e-01   0.0000000e+00
   2.0010000e-01   1.5010000e-01   0.0000000e+00
   2.2510000e-01   1.5010000e-01   0.0000000e+00
   2.5010000e-01   1.5010000e-01   0.0000000e+00
   2.7510000e-01   1.5010000e-01   0.0000000e+00
   3.0010000e-01   1.5010000e-01   0.0000000e+00
   3.2510000e-01   1.5010000e-01   0.0000000e+00
   3.5010000e-01   1.5010000e-01   0.0000000e+00
   3.7510000e-01   1.5010000e-01   0.0000000e+00
   4.0010000e-01   1.5010000e-01   0.0000000e+00
   4.2510000e-01   1.5010000e-01   0.0000000e+00
   4.5010000e-01   1.5010000e-01   0.0000000e+00
   4.7510000e-01   1.5010000e-01   0.0000000e+00
   5.0010000e-01   1.5010000e-01   0.0000000e+00
   5.2510000e-01   1.5010000e-01   0.0000000e+00
   5.5010000e-01   1.5010000e-01   0.0000000e+00
   5.7510000e-01   1.5010000e-01   0.0000000e+00
   6.0010000e-01   1.5010000e-01   0.0000000e+00
   6.2510000e-01   1.5010000e-01   0.0000000e+00
   6.5010000e-01   1.5010000e-01   0.0000000e+00
   6.7510000e-01   1.5010000e-01   0.0000000e+00
   7.0010000e-01   1.5010000e-01   0.0000000e+00
   7.2510000e-01   1.5010000e-01   0.0000000e+00
   7.5010000e-01   1.5010000e-01   0.0000000e+00
   7.7510000e-01   1.5010000e-01   0.0000000e+00
   8.0010000e-01   1.5010000e-01   0.0000000e+00
   8.2510000e-01   1.5010000e-01   0.0000000e+00
   8.5010000e-01   1.5010000e-01   0.0000000e+00
   8.7510000e-01   1.5010000e-01   0.0000000e+00
   9.0010000e-01   1.5010000e-01   0.0000000e+00
   9.2510000e-01   1.5010000e-01   0.0000000e+00
   9.5010000e-01   1.5010000e-01   0.0000000e+00
   9.7510000e-01   1.5010000e-01   0.0000000e+00
   1.0001000e+00   1.5010000e-01   0.0000000e+00
   1.0000000e-04   1.7510000e-01   0.0000000e+00
   2.5100000e-02   1.7510000e-01   0.0000000e+00
   5.0100000e-02   1.7510000e-01   0.0000000e+00
   7.5100000e-02   1.7510000e-01   0.0000000e+00
   1.0010000e-01   1.7510000e-01   0.0000000e+00
   1.2510000e-01   1.7510000e-01   0.0000000e+00
   1.5010000e-01   1.7510000e-01   0.0000000e+00
   1.7510000e-01   1.7510000e-01   0.0000000e+00
   2.0010000e-01   1.7510000e-01   0.0000000e+00
   2.2510000e-01   1.7510000e-01   0.0000000e+00
   2.5010000e-01   1.7510000e-01   0.0000000e+00
   2.7510000e-01   1.7510000e-01   0.0000000e+00
   3.0010000e-01   1.7510000e-01   0.0000000e+00
   3.2510000e-01   1.7510000e-01   0.0000000e+00
   3.5010000e-01   1.7510000e-01   0.0000000e+00
   3.7510000e-01   1.7510000e-01   0.0000000e+00
   4.0010000e-01   1.7510000e-01   0.0000000e+00
   4.2510000e-01   1.7510000e-01   0.0000000e+00
   4.5010000e-01   1.7510000e-01   0.0000000e+00
   4.7510000e-01   1.7510000e-01   0.0000000e+00
   5.0010000e-01   1.7510000e-01   0.0000000e+00
   5.2510000e-01   1.7510000e-01   0.0000000e+00
   5.5010000e-01   1.7510000e-01   0.0000000e+00
   5.7510000e-01   1.7510000e-01   0.0000000e+00
   6.0010000e-01   1.7510000e-01   0.0000000e+00
   6.2510000e-01   1.7510000e-01   0.0000000e+00
   6.5010000e-01   1.7510000e-01   0.0000000e+00
   6.7510000e-01   1.7510000e-01   0.0000000e+00
   7.0010000e-01   1.7510000e-01   0.0000000e+00
   7.2510000e-01   1.7510000e-01   0.0000000e+00
   7.5010000e-01   1.7510000e-01   0.0000000e+00
   7.7510000e-01   1.7510000e-01   0.0000000e+00
   8.0010000e-01   1.7510000e-01   0.0000000e+00
   8.2510000e-01   1.7510000e-01   0.0000000e+00
   8.5010000e-01   1.7510000e-01   0.0000000e+00
   8.7510000e-01   1.7510000e-01   0.0000000e+00
   9.0010000e-01   1.7510000e-01   0.0000000e+00
   9.2510000e-01   1.7510000e-01   0.0000000e+00
   9.5010000e-01   1.7510000e-01   0.0000000e+00
   9.7510000e-01   1.7510000e-01   0.0000000e+00
   1.0001000e+00   1.7510000e-01   0.0000000e+00
   1.0000000e-04   2.0010000e-01   0.0000000e+00
   2.5100000e-02   2.0010000e-01   0.0000000e+00
   5.0100000e-02   2.0010000e-01   0.0000000e+00
   7.5100000e-02   2.0010000e-01   0.0000000e+00
   1.0010000e-01   2.0010000e-01   0.0000000e+00
   1.2510000e-01   2.0010000e-01   0.0000000e+00
   1.5010000e-01   2.0010000e-01   0.0000000e+00
   1.7510000e-01   2.0010000e-01   0.0000000e+00
   2.0010000e-01   2.0010000e-01   0.0000000e+00
   2.2510000e-01   2.0010000e-01   0.0000000e+00
   2.5010000e-01   2.0010000e-01   0.0000000e+00
   2.7510000e-01   2.0010000e-01   0.0000000e+00
   3.0010000e-01   2.0010000e-01   0.0000000e+00
   3.2510000e-01   2.0010000e-01   0.0000000e+00
   3.5010000e-01   2.0010000e-01   0.0000000e+00
   3.7510000e-01   2.0010000e-01   0.0000000e+00
   4.0010000e-01   2.0010000e-01   0.0000000e+00
   4.2510000e-01   2.0010000e-01   0.0000000e+00
   4.5010000e-01   2.0010000e-01   0.0000000e+00
   4.7510000e-01   2.0010000e-01   0.0000000e+00
   5.0010000e-01   2.0010000e-01   0.0000000e+00
   5.2510000e-01   2.0010000e-01   0.0000000e+00
   5.5010000e-01   2.0010000e-01   0.0000000e+00
   5.7510000e-01   2.0010000e-01   0.0000000e+00
   6.0010000e-01   2.0010000e-01   0.0000000e+00
   6.2510000e-01   2.0010000e-01   0.0000000e+00
   6.5010000e-01   2.0010000e-01   0.0000000e+00
   6.7510000e-01   2.0010000e-01   0.0000000e+00
   7.0010000e-01   2.0010000e-01   0.0000000e+00
   7.2510000e-01   2.0010000e-01   0.0000000e+00
   7.5010000e-01   2.0010000e-01   0.0000000e+00
   7.7510000e-01   2.0010000e-01   0.0000000e+00
   8.0010000e-01   2.0010000e-01   0.0000000e+00
   8.2510000e-01   2.0010000e-01   0.0000000e+00
   8.5010000e-01   2.0010000e-01   0.0000000e+00
   8.7510000e-01   2.0010000e-01   0.0000000e+00
   9.0010000e-01   2.0010000e-01   0.0000000e+00
   9.2510000e-01   2.0010000e-01   0.0000000e+00
   9.5010000e-01   2.0010000e-01   0.0000000e+00
   9.7510000e-01   2.0010000e-01   0.0000000e+00
   1.0001000e+00   2.0010000e-01   0.0000000e+00
   1.0000000e-04   2.2510000e-01   0.0000000e+00
   2.5100000e-02   2.2510000e-01   0.0000000e+00
   5.0100000e-02   2.2510000e-01   0.0000000e+00
   7.5100000e-02   2.2510000e-01   0.0000000e+00
   1.0010000e-01   2.2510000e-01   0.0000000e+00
   1.2510000e-01   2.2510000e-01   0.0000000e+00
   1.5010000e-01   2.2510000e-01   0.0000000e+00
   1.7510000e-01   2.2510000e-01   0.0000000e+00
   2.0010000e-01   2.2510000e-01   0.0000000e+00
   2.2510000e-01   2.2510000e-01   0.0000000e+00
   2.5010000e-01   2.2510000e-01   0.0000000e+00
   2.7510000e-01   2.2510000e-01   0.0000000e+00
   3.0010000e-01   2.2510000e-01   0.0000000e+00
   3.2510000e-01   2.2510000e-01   0.0000000e+00
   3.5010000e-01   2.2510000e-01   0.0000000e+00
   3.7510000e-01   2.2510000e-01   0.0000000e+00
   4.0010000e-01   2.2510000e-01   0.0000000e+00
   4.2510000e-01   2.2510000e-01   0.0000000e+00
   4.5010000e-01   2.2510000e-01   0.0000000e+00
   4.7510000e-01   2.2510000e-01   0.0000000e+00
   5.0010000e-01   2.2510000e-01   0.0000000e+00
   5.2510000e-01   2.2510000e-01   0.0000000e+00
   5.5010000e-01   2.2510000e-01   0.0000000e+00
   5.7510000e-01   2.2510000e-01   0.0000000e+00
   6.0010000e-01   2.2510000e-01   0.0000000e+00
   6.2510000e-01   2.2510000e-01   0.0000000e+00
   6.5010000e-01   2.2510000e-01   0.0000000e+00
   6.7510000e-01   2.2510000e-01   0.0000000e+00
   7.0010000e-01   2.2510000e-01   0.0000000e+00
   7.2510000e-01   2.2510000e-01   0.0000000e+00
   7.5010000e-01   2.2510000e-01   0.0000000e+00
   7.7510000e-01   2.2510000e-01   0.0000000e+00
   8.0010000e-01   2.2510000e-01   0.0000000e+00
   8.2510000e-01   2.2510000e-01   0.0000000e+00
   8.5010000e-01   2.2510000e-01   0.0000000e+00
   8.7510000e-01   2.2510000e-01   0.0000000e+00
   9.0010000e-01   2.2510000e-01   0.0000000e+00
   9.2510000e-01   2.2510000e-01   0.0000000e+00
   9.5010000e-01   2.2510000e-01   0.0000000e+00
   9.7510000e-01   2.2510000e-01   0.0000000e+00
   1.0001000e+00   2.2510000e-01   0.0000000e+00
   1.0000000e-04   2.5010000e-01   0.0000000e+00
   2.5100000e-02   2.5010000e-01   0.0000000e+00
   5.0100000e-02   2.5010000e-01   0.0000000e+00
   7.5100000e-02   2.5010000e-01   0.0000000e+00
   1.0010000e-01   2.5010000e-01   0.0000000e+00
   1.2510000e-01   2.5010000e-01   0.0000000e+00
   1.5010000e-01   2.5010000e-01   0.0000000e+00
   1.7510000e-01   2.5010000e-01   0.0000000e+00
   2.0010000e-01   2.5010000e-01   0.0000000e+00
   2.2510000e-01   2.5010000e-01   0.0000000e+00
   2.5010000e-01   2.5010000e-01   0.0000000e+00
   2.7510000e-01   2.5010000e-01   0.0000000e+00
   3.0010000e-01   2.5010000e-01   0.0000000e+00
   3.2510000e-01   2.5010000e-01   0.0000000e+00
   3.5010000e-01   2.5010000e-01   0.0000000e+00
   3.7510000e-01   2.5010000e-01   0.0000000e+00
   4.0010000e-01   2.5010000e-01   0.0000000e+00
   4.2510000e-01   2.5010000e-01   0.0000000e+00
   4.5010000e-01   2.5010000e-01   0.0000000e+00
   4.7510000e-01   2.5010000e-01   0.0000000e+00
   5.0010000e-01   2.5010000e-01   0.0000000e+00
   5.2510000e-01   2.5010000e-01   0.0000000e+00
   5.5010000e-01   2.5010000e-01   0.0000000e+00
   5.7510000e-01   2.5010000e-01   0.0000000e+00
   6.0010000e-01   2.5010000e-01   0.0000000e+00
   6.2510000e-01   2.5010000e-01   0.0000000e+00
   6.5010000e-01   2.5010000e-01   0.0000000e+00
   6.7510000e-01   2.5010000e-01   0.0000000e+00
   7.0010000e-01   2.5010000e-01   0.0000000e+00
   7.2510000e-01   2.5010000e-01   0.0000000e+00
   7.5010000e-01   2.5010000e-01   0.0000000e+00
   7.7510000e-01   2.5010000e-01   0.0000000e+00
   8.0010000e-01   2.5010000e-01   0.0000000e+00
   8.2510000e-01   2.5010000e-01   0.0000000e+00
   8.5010000e-01   2.5010000e-01   0.0000000e+00
   8.7510000e-01   2.5010000e-01   0.0000000e+00
   9.0010000e-01   2.5010000e-01   0.0000000e+00
   9.2510000e-01   2.5010000e-01   0.0000000e+00
   9.5010000e-01   2.5010000e-01   0.0000000e+00
   9.7510000e-01   2.5010000e-01   0.0000000e+00
   1.0001000e+00   2.5010000e-01   0.0000000e+00
   1.0000000e-04   2.7510000e-01   0.0000000e+00
   2.5100000e-02   2.7510000e-01   0.0000000e+00
   5.0100000e-02   2.7510000e-01   0.0000000e+00
   7.5100000e-02   2.7510000e-01   0.0000000e+00
   1.0010000e-01   2.7510000e-01   0.0000000e+00
   1.2510000e-01   2.7510000e-01   0.0000000e+00
   1.5010000e-01   2.7510000e-01   0.0000000e+00
   1.7510000e-01   2.7510000e-01   0.0000000e+00
   2.0010000e-01   2.7510000e-01   0.0000000e+00
   2.2510000e-01   2.7510000e-01   0.0000000e+00
   2.5010000e-01   2.7510000e-01   0.0000000e+00
   2.7510000e-01   2.7510000e-01   0.0000000e+00
   3.0010000e-01   2.7510000e-01   0.0000000e+00
   3.2510000e-01   2.7510000e-01   0.0000000e+00
   3.5010000e-01   2.7510000e-01   0.0000000e+00
   3.7510000e-01   2.7510000e-01   0.0000000e+00
   4.0010000e-01   2.7510000e-01   0.0000000e+00
   4.2510000e-01   2.7510000e-01   0.0000000e+00
   4.5010000e-01   2.7510000e-01   0.0000000e+00
   4.7510000e-01   2.7510000e-01   0.0000000e+00
   5.0010000e-01   2.7510000e-01   0.0000000e+00
   5.2510000e-01   2.7510000e-01   0.0000000e+00
   5.5010000e-01   2.7510000e-01   0.0000000e+00
   5.7510000e-01   2.7510000e-01   0.0000000e+00
   6.0010000e-01   2.7510000e-01   0.0000000e+00
   6.2510000e-01   2.7510000e-01   0.0000000e+00
   6.5010000e-01   2.7510000e-01   0.0000000e+00
   6.7510000e-01   2.7510000e-01   0.0000000e+00
   7.0010000e-01   2.7510000e-01   0.0000000e+00
   7.2510000e-01   2.7510000e-01   0.0000000e+00
   7.5010000e-01   2.7510000e-01   0.0000000e+00
   7.7510000e-01   2.7510000e-01   0.0000000e+00
   8.0010000e-01   2.7510000e-01   0.0000000e+00
   8.2510000e-01   2.7510000e-01   0.0000000e+00
   8.5010000e-01   2.7510000e-01   0.0000000e+00
   8.7510000e-01   2.7510000e-01   0.0000000e+00
   9.0010000e-01   2.7510000e-01   0.0000000e+00
   9.2510000e-01   2.7510000e-01   0.0000000e+00
   9.5010000e-01   2.7510000e-01   0.0000000e+00
   9.7510000e-01   2.7510000e-01   0.0000000e+00
   1.0001000e+00   2.7510000e-01   0.0000000e+00
   1.0000000e-04   3.0010000e-01   0.0000000e+00
   2.5100000e-02   3.0010000e-01   0.0000000e+00
   5.0100000e-02   3.0010000e-01   0.0000000e+00
   7.5100000e-02   3.0010000e-01   0.0000000e+00
   1.0010000e-01   3.0010000e-01   0.0000000e+00
   1.2510000e-01   3.0010000e-01   0.0000000e+00
   1.5010000e-01   3.0010000e-01   0.0000000e+00
   1.7510000e-01   3.0010000e-01   0.0000000e+00
   2.0010000e-01   3.0010000e-01   0.0000000e+00
   2.2510000e-01   3.0010000e-01   0.0000000e+00
   2.5010000e-01   3.0010000e-01   0.0000000e+00
   2.7510000e-01   3.0010000e-01   0.0000000e+00
   3.0010000e-01   3.0010000e-01   0.0000000e+00
   3.2510000e-01   3.0010000e-01   0.0000000e+00
   3.5010000e-01   3.0010000e-01   0.0000000e+00
   3.7510000e-01   3.0010000e-01   0.0000000e+00
   4.0010000e-01   3.0010000e-01   0.0000000e+00
   4.2510000e-01   3.0010000e-01   0.0000000e+00
   4.5010000e-01   3.0010000e-01   0.0000000e+00
   4.7510000e-01   3.0010000e-01   0.0000000e+00
   5.0010000e-01   3.0010000e-01   0.0000000e+00
   5.2510000e-01   3.0010000e-01   0.0000000e+00
   5.5010000e-01   3.0010000e-01   0.0000000e+00
   5.7510000e-01   3.0010000e-01   0.0000000e+00
   6.0010000e-01   3.0010000e-01   0.0000000e+00
   6.2510000e-01   3.0010000e-01   0.0000000e+00
   6.5010000e-01   3.0010000e-01   0.0000000e+00
   6.7510000e-01   3.0010000e-01   0.0000000e+00
   7.0010000e-01   3.0010000e-01   0.0000000e+00
   7.2510000e-01   3.0010000e-01   0.0000000e+00
   7.5010000e-01   3.0010000e-01   0.0000000e+00
   7.7510000e-01   3.0010000e-01   0.0000000e+00
   8.0010000e-01   3.0010000e-01   0.0000000e+00
   8.2510000e-01   3.0010000e-01   0.0000000e+00
   8.5010000e-01   3.0010000e-01   0.0000000e+00
   8.7510000e-01   3.0010000e-01   0.0000000e+00
   9.0010000e-01   3.0010000e-01   0.0000000e+00
   9.2510000e-01   3.0010000e-01   0.0000000e+00
   9.5010000e-01   3.0010000e-01   0.0000000e+00
   9.7510000e-01   3.0010000e-01   0.0000000e+00
   1.0001000e+00   3.0010000e-01   0.0000000e+00
   1.0000000e-04   3.2510000e-01   0.0000000e+00
   2.5100000e-02   3.2510000e-01   0.0000000e+00
   5.0100000e-02   3.2510000e-01   0.0000000e+00
   7.5100000e-02   3.2510000e-01   0.0000000e+00
   1.0010000e-01   3.2510000e-01   0.0000000e+00
   1.2510000e-01   3.2510000e-01   0.0000000e+00
   1.5010000e-01   3.2510000e-01   0.0000000e+00
   1.7510000e-01   3.2510000e-01   0.0000000e+00
   2.0010000e-01   3.2510000e-01   0.0000000e+00
   2.2510000e-01   3.2510000e-01   0.0000000e+00
   2.5010000e-01   3.2510000e-01   0.0000000e+00
   2.7510000e-01   3.2510000e-01   0.0000000e+00
   3.0010000e-01   3.2510000e-01   0.0000000e+00
   3.2510000e-01   3.2510000e-01   0.0000000e+00
   3.5010000e-01   3.2510000e-01   0.0000000e+00
   3.7510000e-01   3.2510000e-01   0.0000000e+00
   4.0010000e-01   3.2510000e-01   0.0000000e+00
   4.2510000e-01   3.2510000e-01   0.0000000e+00
   4.5010000e-01   3.2510000e-01   0.0000000e+00
   4.7510000e-01   3.2510000e-01   0.0000000e+00
   5.0010000e-01   3.2510000e-01   0.0000000e+00
   5.2510000e-01   3.2510000e-01   0.0000000e+00
   5.5010000e-01   3.2510000e-01   0.0000000e+00
   5.7510000e-01   3.2510000e-01   0.0000000e+00
   6.0010000e-01   3.2510000e-01   0.0000000e+00
   6.2510000e-01   3.2510000e-01   0.0000000e+00
   6.5010000e-01   3.2510000e-01   0.0000000e+00
   6.7510000e-01   3.2510000e-01   0.0000000e+00
   7.0010000e-01   3.2510000e-01   0.0000000e+00
   7.2510000e-01   3.2510000e-01   0.0000000e+00
   7.5010000e-01   3.2510000e-01   0.0000000e+00
   7.7510000e-01   3.2510000e-01   0.0000000e+00
   8.0010000e-01   3.2510000e-01   0.0000000e+00
   8.2510000e-01   3.2510000e-01   0.0000000e+00
   8.5010000e-01   3.2510000e-01   0.0000000e+00
   8.7510000e-01   3.2510000e-01   0.0000000e+00
   9.0010000e-01   3.2510000e-01   0.0000000e+00
   9.2510000e-01   3.2510000e-01   0.0000000e+00
   9.5010000e-01   3.2510000e-01   0.0000000e+00
   9.7510000e-01   3.2510000e-01   0.0000000e+00
   1.0001000e+00   3.2510000e-01   0.0000000e+00
   1.0000000e-04   3.5010000e-01   0.0000000e+00
   2.5100000e-02   3.5010000e-01   0.0000000e+00
   5.0100000e-02   3.5010000e-01   0.0000000e+00
   7.5100000e-02   3.5010000e-01   0.0000000e+00
   1.0010000e-01   3.5010000e-01   0.0000000e+00
   1.2510000e-01   3.5010000e-01   0.0000000e+00
   1.5010000e-01   3.5010000e-01   0.0000000e+00
   1.7510000e-01   3.5010000e-01   0.0000000e+00
   2.0010000e-01   3.5010000e-01   0.0000000e+00
   2.2510000e-01   3.5010000e-01   0.0000000e+00
   2.5010000e-01   3.5010000e-01   0.0000000e+00
   2.7510000e-01   3.5010000e-01   0.0000000e+00
   3.0010000e-01   3.5010000e-01   0.0000000e+00
   3.2510000e-01   3.5010000e-01   0.0000000e+00
   3.5010000e-01   3.5010000e-01   0.0000000e+00
   3.7510000e-01   3.5010000e-01   0.0000000e+00
   4.0010000e-01   3.5010000e-01   0.0000000e+00
   4.2510000e-01   3.5010000e-01   0.0000000e+00
   4.5010000e-01   3.5010000e-01   0.0000000e+00
   4.7510000e-01   3.5010000e-01   0.0000000e+00
   5.0010000e-01   3.5010000e-01   0.0000000e+00
   5.2510000e-01   3.5010000e-01   0.0000000e+00
   5.5010000e-01   3.5010000e-01   0.0000000e+00
   5.7510000e-01   3.5010000e-01   0.0000000e+00
   6.0010000e-01   3.5010000e-01   0.0000000e+00
   6.2510000e-01   3.5010000e-01   0.0000000e+00
   6.5010000e-01   3.5010000e-01   0.0000000e+00
   6.7510000e-01   3.5010000e-01   0.0000000e+00
   7.0010000e-01   3.5010000e-01   0.0000000e+00
   7.2510000e-01   3.5010000e-01   0.0000000e+00
   7.5010000e-01   3.5010000e-01   0.0000000e+00
   7.7510000e-01   3.5010000e-01   0.0000000e+00
   8.0010000e-01   3.5010000e-01   0.0000000e+00
   8.2510000e-01   3.5010000e-01   0.0000000e+00
   8.5010000e-01   3.5010000e-01   0.0000000e+00
   8.7510000e-01   3.5010000e-01   0.0000000e+00
   9.0010000e-01   3.5010000e-01   0.0000000e+00
   9.2510000e-01   3.5010000e-01   0.0000000e+00
   9.5010000e-01   3.5010000e-01   0.0000000e+00
   9.7510000e-01   3.5010000e-01   0.0000000e+00
   1.0001000e+00   3.5010000e-01   0.0000000e+00
   1.0000000e-04   3.7510000e-01   0.0000000e+00
   2.5100000e-02   3.7510000e-01   0.0000000e+00
   5.0100000e-02   3.7510000e-01   0.0000000e+00
   7.5100000e-02   3.7510000e-01   0.0000000e+00
   1.0010000e-01   3.7510000e-01   0.0000000e+00
   1.2510000e-01   3.7510000e-01   0.0000000e+00
   1.5010000e-01   3.7510000e-01   0.0000000e+00
   1.7510000e-01   3.7510000e-01   0.0000000e+00
   2.0010000e-01   3.7510000e-01   0.0000000e+00
   2.2510000e-01   3.7510000e-01   0.0000000e+00
   2.5010000e-01   3.7510000e-01   0.0000000e+00
   2.7510000e-01   3.7510000e-01   0.0000000e+00
   3.0010000e-01   3.7510000e-01   0.0000000e+00
   3.2510000e-01   3.7510000e-01   0.0000000e+00
   3.5010000e-01   3.7510000e-01   0.0000000e+00
   3.7510000e-01   3.7510000e-01   0.0000000e+00
   4.0010000e-01   3.7510000e-01   0.0000000e+00
   4.2510000e-01   3.7510000e-01   0.0000000e+00
   4.5010000e-01   3.7510000e-01   0.0000000e+00
   4.7510000e-01   3.7510000e-01   0.0000000e+00
   5.0010000e-01   3.7510000e-01   0.0000000e+00
   5.2510000e-01   3.7510000e-01   0.0000000e+00
   5.5010000e-01   3.7510000e-01   0.0000000e+00
   5.7510000e-01   3.7510000e-01   0.0000000e+00
   6.0010000e-01   3.7510000e-01   0.0000000e+00
   6.2510000e-01   3.7510000e-01   0.0000000e+00
   6.5010000e-01   3.7510000e-01   0.0000000e+00
   6.7510000e-01   3.7510000e-01   0.0000000e+00
   7.0010000e-01   3.7510000e-01   0.0000000e+00
   7.2510000e-01   3.7510000e-01   0.0000000e+00
   7.5010000e-01   3.7510000e-01   0.0000000e+00
   7.7510000e-01   3.7510000e-01   0.0000000e+00
   8.0010000e-01   3.7510000e-01   0.0000000e+00
   8.2510000e-01   3.7510000e-01   0.0000000e+00
   8.5010000e-01   3.7510000e-01   0.0000000e+00
   8.7510000e-01   3.7510000e-01   0.0000000e+00
   9.0010000e-01   3.7510000e-01   0.0000000e+00
   9.2510000e-01   3.7510000e-01   0.0000000e+00
   9.5010000e-01   3.7510000e-01   0.0000000e+00
   9.7510000e-01   3.7510000e-01   0.0000000e+00
   1.0001000e+00   3.7510000e-01   0.0000000e+00
   1.0000000e-04   4.0010000e-01   0.0000000e+00
   2.5100000e-02   4.0010000e-01   0.0000000e+00
   5.0100000e-02   4.0010000e-01   0.0000000e+00
   7.5100000e-02   4.0010000e-01   0.0000000e+00
   1.0010000e-01   4.0010000e-01   0.0000000e+00
   1.2510000e-01   4.0010000e-01   0.0000000e+00
   1.5010000e-01   4.0010000e-01   0.0000000e+00
   1.7510000e-01   4.0010000e-01   0.0000000e+00
   2.0010000e-01   4.0010000e-01   0.0000000e+00
   2.2510000e-01   4.0010000e-01   0.0000000e+00
   2.5010000e-01   4.0010000e-01   0.0000000e+00
   2.7510000e-01   4.0010000e-01   0.0000000e+00
   3.0010000e-01   4.0010000e-01   0.0000000e+00
   3.2510000e-01   4.0010000e-01   0.0000000e+00
   3.5010000e-01   4.0010000e-01   0.0000000e+00
   3.7510000e-01   4.0010000e-01   0.0000000e+00
   4.0010000e-01   4.0010000e-01   0.0000000e+00
   4.2510000e-01   4.0010000e-01   0.0000000e+00
   4.5010000e-01   4.0010000e-01   0.0000000e+00
   4.7510000e-01   4.0010000e-01   0.0000000e+00
   5.0010000e-01   4.0010000e-01   0.0000000e+00
   5.2510000e-01   4.0010000e-01   0.0000000e+00
   5.5010000e-01   4.0010000e-01   0.0000000e+00
   5.7510000e-01   4.0010000e-01   0.0000000e+00
   6.0010000e-01   4.0010000e-01   0.0000000e+00
   6.2510000e-01   4.0010000e-01   0.0000000e+00
   6.5010000e-01   4.0010000e-01   0.0000000e+00
   6.7510000e-01   4.0010000e-01   0.0000000e+00
   7.0010000e-01   4.0010000e-01   0.0000000e+00
   7.2510000e-01   4.0010000e-01   0.0000000e+00
   7.5010000e-01   4.0010000e-01   0.0000000e+00
   7.7510000e-01   4.0010000e-01   0.0000000e+00
   8.0010000e-01   4.0010000e-01   0.0000000e+00
   8.2510000e-01   4.0010000e-01   0.0000000e+00
   8.5010000e-01   4.0010000e-01   0.0000000e+00
   8.7510000e-01   4.0010000e-01   0.0000000e+00
   9.0010000e-01   4.0010000e-01   0.0000000e+00
   9.2510000e-01   4.0010000e-01   0.0000000e+00
   9.5010000e-01   4.0010000e-01   0.0000000e+00
   9.7510000e-01   4.0010000e-01   0.0000000e+00
   1.0001000e+00   4.0010000e-01   0.0000000e+00
   1.0000000e-04   4.2510000e-01   0.0000000e+00
   2.5100000e-02   4.2510000e-01   0.0000000e+00
   5.0100000e-02   4.2510000e-01   0.0000000e+00
   7.5100000e-02   4.2510000e-01   0.0000000e+00
   1.0010000e-01   4.2510000e-01   0.0000000e+00
   1.2510000e-01   4.2510000e-01   0.0000000e+00
   1.5010000e-01   4.2510000e-01   0.0000000e+00
   1.7510000e-01   4.2510000e-01   0.0000000e+00
   2.0010000e-01   4.2510000e-01   0.0000000e+00
   2.2510000e-01   4.2510000e-01   0.0000000e+00
   2.5010000e-01   4.2510000e-01   0.0000000e+00
   2.7510000e-01   4.2510000e-01   0.0000000e+00
   3.0010000e-01   4.2510000e-01   0.0000000e+00
   3.2510000e-01   4.2510000e-01   0.0000000e+00
   3.5010000e-01   4.2510000e-01   0.0000000e+00
   3.7510000e-01   4.2510000e-01   0.0000000e+00
   4.0010000e-01   4.2510000e-01   0.0000000e+00
   4.2510000e-01   4.2510000e-01   0.0000000e+00
   4.5010000e-01   4.2510000e-01   0.0000000e+00
   4.7510000e-01   4.2510000e-01   0.0000000e+00
   5.0010000e-01   4.2510000e-01   0.0000000e+00
   5.2510000e-01   4.2510000e-01   0.0000000e+00
   5.5010000e-01   4.2510000e-01   0.0000000e+00
   5.7510000e-01   4.2510000e-01   0.0000000e+00
   6.0010000e-01   4.2510000e-01   0.0000000e+00
   6.2510000e-01   4.2510000e-01   0.0000000e+00
   6.5010000e-01   4.2510000e-01   0.0000000e+00
   6.7510000e-01   4.2510000e-01   0.0000000e+00
   7.0010000e-01   4.2510000e-01   0.0000000e+00
   7.2510000e-01   4.2510000e-01   0.0000000e+00
   7.5010000e-01   4.2510000e-01   0.0000000e+00
   7.7510000e-01   4.2510000e-01   0.0000000e+00
   8.0010000e-01   4.2510000e-01   0.0000000e+00
   8.2510000e-01   4.2510000e-01   0.0000000e+00
   8.5010000e-01   4.2510000e-01   0.0000000e+00
   8.7510000e-01   4.2510000e-01   0.0000000e+00
   9.0010000e-01   4.2510000e-01   0.0000000e+00
   9.2510000e-01   4.2510000e-01   0.0000000e+00
   9.5010000e-01   4.2510000e-01   0.0000000e+00
   9.7510000e-01   4.2510000e-01   0.0000000e+00
   1.0001000e+00   4.2510000e-01   0.0000000e+00
   1.0000000e-04   4.5010000e-01   0.0000000e+00
   2.5100000e-02   4.5010000e-01   0.0000000e+00
   5.0100000e-02   4.5010000e-01   0.0000000e+00
   7.5100000e-02   4.5010000e-01   0.0000000e+00
   1.0010000e-01   4.5010000e-01   0.0000000e+00
   1.2510000e-01   4.5010000e-01   0.0000000e+00
   1.5010000e-01   4.5010000e-01   0.0000000e+00
   1.7510000e-01   4.5010000e-01   0.0000000e+00
   2.0010000e-01   4.5010000e-01   0.0000000e+00
   2.2510000e-01   4.5010000e-01   0.0000000e+00
   2.5010000e-01   4.5010000e-01   0.0000000e+00
   2.7510000e-01   4.5010000e-01   0.0000000e+00
   3.0010000e-01   4.5010000e-01   0.0000000e+00
   3.2510000e-01   4.5010000e-01   0.0000000e+00
   3.5010000e-01   4.5010000e-01   0.0000000e+00
   3.7510000e-01   4.5010000e-01   0.0000000e+00
   4.0010000e-01   4.5010000e-01   0.0000000e+00
   4.2510000e-01   4.5010000e-01   0.0000000e+00
   4.5010000e-01   4.5010000e-01   0.0000000e+00
   4.7510000e-01   4.5010000e-01   0.0000000e+00
   5.0010000e-01   4.5010000e-01   0.0000000e+00
   5.2510000e-01   4.5010000e-01   0.0000000e+00
   5.5010000e-01   4.5010000e-01   0.0000000e+00
   5.7510000e-01   4.5010000e-01   0.0000000e+00
   6.0010000e-01   4.5010000e-01   0.0000000e+00
   6.2510000e-01   4.5010000e-01   0.0000000e+00
   6.5010000e-01   4.5010000e-01   0.0000000e+00
   6.7510000e-01   4.5010000e-01   0.0000000e+00
   7.0010000e-01   4.5010000e-01   0.0000000e+00
   7.2510000e-01   4.5010000e-01   0.0000000e+00
   7.5010000e-01   4.5010000e-01   0.0000000e+00
   7.7510000e-01   4.5010000e-01   0.0000000e+00
   8.0010000e-01   4.5010000e-01   0.0000000e+00
   8.2510000e-01   4.5010000e-01   0.0000000e+00
   8.5010000e-01   4.5010000e-01   0.0000000e+00
   8.7510000e-01   4.5010000e-01   0.0000000e+00
   9.0010000e-01   4.5010000e-01   0.0000000e+00
   9.2510000e-01   4.5010000e-01   0.0000000e+00
   9.5010000e-01   4.5010000e-01   0.0000000e+00
   9.7510000e-01   4.5010000e-01   0.0000000e+00
   1.0001000e+00   4.5010000e-01   0.0000000e+00
   1.0000000e-04   4.7510000e-01   0.0000000e+00
   2.5100000e-02   4.7510000e-01   0.0000000e+00
   5.0100000e-02   4.7510000e-01   0.0000000e+00
   7.5100000e-02   4.7510000e-01   0.0000000e+00
   1.0010000e-01   4.7510000e-01   0.0000000e+00
   1.2510000e-01   4.7510000e-01   0.0000000e+00
   1.5010000e-01   4.7510000e-01   0.0000000e+00
   1.7510000e-01   4.7510000e-01   0.0000000e+00
   2.0010000e-01   4.7510000e-01   0.0000000e+00
   2.2510000e-01   4.7510000e-01   0.0000000e+00
   2.5010000e-01   4.7510000e-01   0.0000000e+00
   2.7510000e-01   4.7510000e-01   0.0000000e+00
   3.0010000e-01   4.7510000e-01   0.0000000e+00
   3.2510000e-01   4.7510000e-01   0.0000000e+00
   3.5010000e-01   4.7510000e-01   0.0000000e+00
   3.7510000e-01   4.7510000e-01   0.0000000e+00
   4.0010000e-01   4.7510000e-01   0.0000000e+00
   4.2510000e-01   4.7510000e-01   0.0000000e+00
   4.5010000e-01   4.7510000e-01   0.0000000e+00
   4.7510000e-01   4.7510000e-01   0.0000000e+00
   5.0010000e-01   4.7510000e-01   0.0000000e+00
   5.2510000e-01   4.7510000e-01   0.0000000e+00
   5.5010000e-01   4.7510000e-01   0.0000000e+00
   5.7510000e-01   4.7510000e-01   0.0000000e+00
   6.0010000e-01   4.7510000e-01   0.0000000e+00
   6.2510000e-01   4.7510000e-01   0.0000000e+00
   6.5010000e-01   4.7510000e-01   0.0000000e+00
   6.7510000e-01   4.7510000e-01   0.0000000e+00
   7.0010000e-01   4.7510000e-01   0.0000000e+00
   7.2510000e-01   4.7510000e-01   0.0000000e+00
   7.5010000e-01   4.7510000e-01   0.0000000e+00
   7.7510000e-01   4.7510000e-01   0.0000000e+00
   8.0010000e-01   4.7510000e-01   0.0000000e+00
   8.2510000e-01   4.7510000e-01   0.0000000e+00
   8.5010000e-01   4.7510000e-01   0.0000000e+00
   8.7510000e-01   4.7510000e-01   0.0000000e+00
   9.0010000e-01   4.7510000e-01   0.0000000e+00
   9.2510000e-01   4.7510000e-01   0.0000000e+00
   9.5010000e-01   4.7510000e-01   0.0000000e+00
   9.7510000e-01   4.7510000e-01   0.0000000e+00
   1.0001000e+00   4.7510000e-01   0.0000000e+00
   1.0000000e-04   5.0010000e-01   0.0000000e+00
   2.5100000e-02   5.0010000e-01   0.0000000e+00
   5.0100000e-02   5.0010000e-01   0.0000000e+00
   7.5100000e-02   5.0010000e-01   0.0000000e+00
   1.0010000e-01   5.0010000e-01   0.0000000e+00
   1.2510000e-01   5.0010000e-01   0.0000000e+00
   1.5010000e-01   5.0010000e-01   0.0000000e+00
   1.7510000e-01   5.0010000e-01   0.0000000e+00
   2.0010000e-01   5.0010000e-01   0.0000000e+00
   2.2510000e-01   5.0010000e-01   0.0000000e+00
   2.5010000e-01   5.0010000e-01   0.0000000e+00
   2.7510000e-01   5.0010000e-01   0.0000000e+00
   3.0010000e-01   5.0010000e-01   0.0000000e+00
   3.2510000e-01   5.0010000e-01   0.0000000e+00
   3.5010000e-01   5.0010000e-01   0.0000000e+00
   3.7510000e-01   5.0010000e-01   0.0000000e+00
   4.0010000e-01   5.0010000e-01   0.0000000e+00
   4.2510000e-01   5.0010000e-01   0.0000000e+00
   4.5010000e-01   5.0010000e-01   0.0000000e+00
   4.7510000e-01   5.0010000e-01   0.0000000e+00
   5.0010000e-01   5.0010000e-01   0.0000000e+00
   5.2510000e-01   5.0010000e-01   0.0000000e+00
   5.5010000e-01   5.0010000e-01   0.0000000e+00
   5.7510000e-01   5.0010000e-01   0.0000000e+00
   6.0010000e-01   5.0010000e-01   0.0000000e+00
   6.2510000e-01   5.0010000e-01   0.0000000e+00
   6.5010000e-01   5.0010000e-01   0.0000000e+00
   6.7510000e-01   5.0010000e-01   0.0000000e+00
   7.0010000e-01   5.0010000e-01   0.0000000e+00
   7.2510000e-01   5.0010000e-01   0.0000000e+00
   7.5010000e-01   5.0010000e-01   0.0000000e+00
   7.7510000e-01   5.0010000e-01   0.0000000e+00
   8.0010000e-01   5.0010000e-01   0.0000000e+00
   8.2510000e-01   5.0010000e-01   0.0000000e+00
   8.5010000e-01   5.0010000e-01   0.0000000e+00
   8.7510000e-01   5.0010000e-01   0.0000000e+00
   9.0010000e-01   5.0010000e-01   0.0000000e+00
   9.2510000e-01   5.0010000e-01   0.0000000e+00
   9.5010000e-01   5.0010000e-01   0.0000000e+00
   9.7510000e-01   5.0010000e-01   0.0000000e+00
   1.0001000e+00   5.0010000e-01   0.0000000e+00
   1.0000000e-04   5.2510000e-01   0.0000000e+00
   2.5100000e-02   5.2510000e-01   0.0000000e+00
   5.0100000e-02   5.2510000e-01   0.0000000e+00
   7.5100000e-02   5.2510000e-01   0.0000000e+00
   1.0010000e-01   5.2510000e-01   0.0000000e+00
   1.2510000e-01   5.2510000e-01   0.0000000e+00
   1.5010000e-01   5.2510000e-01   0.0000000e+00
   1.7510000e-01   5.2510000e-01   0.0000000e+00
   2.0010000e-01   5.2510000e-01   0.0000000e+00
   2.2510000e-01   5.2510000e-01   0.0000000e+00
   2.5010000e-01   5.2510000e-01   0.0000000e+00
   2.7510000e-01   5.2510000e-01   0.0000000e+00
   3.0010000e-01   5.2510000e-01   0.0000000e+00
   3.2510000e-01   5.2510000e-01   0.0000000e+00
   3.5010000e-01   5.2510000e-01   0.0000000e+00
   3.7510000e-01   5.2510000e-01   0.0000000e+00
   4.0010000e-01   5.2510000e-01   0.0000000e+00
   4.2510000e-01   5.2510000e-01   0.0000000e+00
   4.5010000e-01   5.2510000e-01   0.0000000e+00
   4.7510000e-01   5.2510000e-01   0.0000000e+00
   5.0010000e-01   5.2510000e-01   0.0000000e+00
   5.2510000e-01   5.2510000e-01   0.0000000e+00
   5.5010000e-01   5.2510000e-01   0.0000000e+00
   5.7510000e-01   5.2510000e-01   0.0000000e+00
   6.0010000e-01   5.2510000e-01   0.0000000e+00
   6.2510000e-01   5.2510000e-01   0.0000000e+00
   6.5010000e-01   5.2510000e-01   0.0000000e+00
   6.7510000e-01   5.2510000e-01   0.0000000e+00
   7.0010000e-01   5.2510000e-01   0.0000000e+00
   7.2510000e-01   5.2510000e-01   0.0000000e+00
   7.5010000e-01   5.2510000e-01   0.0000000e+00
   7.7510000e-01   5.2510000e-01   0.0000000e+00
   8.0010000e-01   5.2510000e-01   0.0000000e+00
   8.2510000e-01   5.2510000e-01   0.0000000e+00
   8.5010000e-01   5.2510000e-01   0.0000000e+00
   8.7510000e-01   5.2510000e-01   0.0000000e+00
   9.0010000e-01   5.2510000e-01   0.0000000e+00
   9.2510000e-01   5.2510000e-01   0.0000000e+00
   9.5010000e-01   5.2510000e-01   0.0000000e+00
   9.7510000e-01   5.2510000e-01   0.0000000e+00
   1.0001000e+00   5.2510000e-01   0.0000000e+00
   1.0000000e-04   5.5010000e-01   0.0000000e+00
   2.5100000e-02   5.5010000e-01   0.0000000e+00
   5.0100000e-02   5.5010000e-01   0.0000000e+00
   7.5100000e-02   5.5010000e-01   0.0000000e+00
   1.0010000e-01   5.5010000e-01   0.0000000e+00
   1.2510000e-01   5.5010000e-01   0.0000000e+00
   1.5010000e-01   5.5010000e-01   0.0000000e+00
   1.7510000e-01   5.5010000e-01   0.0000000e+00
   2.0010000e-01   5.5010000e-01   0.0000000e+00
   2.2510000e-01   5.5010000e-01   0.0000000e+00
   2.5010000e-01   5.5010000e-01   0.0000000e+00
   2.7510000e-01   5.5010000e-01   0.0000000e+00
   3.0010000e-01   5.5010000e-01   0.0000000e+00
   3.2510000e-01   5.5010000e-01   0.0000000e+00
   3.5010000e-01   5.5010000e-01   0.0000000e+00
   3.7510000e-01   5.5010000e-01   0.0000000e+00
   4.0010000e-01   5.5010000e-01   0.0000000e+00
   4.2510000e-01   5.5010000e-01   0.0000000e+00
   4.5010000e-01   5.5010000e-01   0.0000000e+00
   4.7510000e-01   5.5010000e-01   0.0000000e+00
   5.0010000e-01   5.5010000e-01   0.0000000e+00
   5.2510000e-01   5.5010000e-01   0.0000000e+00
   5.5010000e-01   5.5010000e-01   0.0000000e+00
   5.7510000e-01   5.5010000e-01   0.0000000e+00
   6.0010000e-01   5.5010000e-01   0.0000000e+00
   6.2510000e-01   5.5010000e-01   0.0000000e+00
   6.5010000e-01   5.5010000e-01   0.0000000e+00
   6.7510000e-01   5.5010000e-01   0.0000000e+00
   7.0010000e-01   5.5010000e-01   0.0000000e+00
   7.2510000e-01   5.5010000e-01   0.0000000e+00
   7.5010000e-01   5.5010000e-01   0.0000000e+00
   7.7510000e-01   5.5010000e-01   0.0000000e+00
   8.0010000e-01   5.5010000e-01   0.0000000e+00
   8.2510000e-01   5.5010000e-01   0.0000000e+00
   8.5010000e-01   5.5010000e-01   0.0000000e+00
   8.7510000e-01   5.5010000e-01   0.0000000e+00
   9.0010000e-01   5.5010000e-01   0.0000000e+00
   9.2510000e-01   5.5010000e-01   0.0000000e+00
   9.5010000e-01   5.5010000e-01   0.0000000e+00
   9.7510000e-01   5.5010000e-01   0.0000000e+00
   1.0001000e+00   5.5010000e-01   0.0000000e+00
   1.0000000e-04   5.7510000e-01   0.0000000e+00
   2.5100000e-02   5.7510000e-01   0.0000000e+00
   5.0100000e-02   5.7510000e-01   0.0000000e+00
   7.5100000e-02   5.7510000e-01   0.0000000e+00
   1.0010000e-01   5.7510000e-01   0.0000000e+00
   1.2510000e-01   5.7510000e-01   0.0000000e+00
   1.5010000e-01   5.7510000e-01   0.0000000e+00
   1.7510000e-01   5.7510000e-01   0.0000000e+00
   2.0010000e-01   5.7510000e-01   0.0000000e+00
   2.2510000e-01   5.7510000e-01   0.0000000e+00
   2.5010000e-01   5.7510000e-01   0.0000000e+00
   2.7510000e-01   5.7510000e-01   0.0000000e+00
   3.0010000e-01   5.7510000e-01   0.0000000e+00
   3.2510000e-01   5.7510000e-01   0.0000000e+00
   3.5010000e-01   5.7510000e-01   0.0000000e+00
   3.7510000e-01   5.7510000e-01   0.0000000e+00
   4.0010000e-01   5.7510000e-01   0.0000000e+00
   4.2510000e-01   5.7510000e-01   0.0000000e+00
   4.5010000e-01   5.7510000e-01   0.0000000e+00
   4.7510000e-01   5.7510000e-01   0.0000000e+00
   5.0010000e-01   5.7510000e-01   0.0000000e+00
   5.2510000e-01   5.7510000e-01   0.0000000e+00
   5.5010000e-01   5.7510000e-01   0.0000000e+00
   5.7510000e-01   5.7510000e-01   0.0000000e+00
   6.0010000e-01   5.7510000e-01   0.0000000e+00
   6.2510000e-01   5.7510000e-01   0.0000000e+00
   6.5010000e-01   5.7510000e-01   0.0000000e+00
   6.7510000e-01   5.7510000e-01   0.0000000e+00
   7.0010000e-01   5.7510000e-01   0.0000000e+00
   7.2510000e-01   5.7510000e-01   0.0000000e+00
   7.5010000e-01   5.7510000e-01   0.0000000e+00
   7.7510000e-01   5.7510000e-01   0.0000000e+00
   8.0010000e-01   5.7510000e-01   0.0000000e+00
   8.2510000e-01   5.7510000e-01   0.0000000e+00
   8.5010000e-01   5.7510000e-01   0.0000000e+00
   8.7510000e-01   5.7510000e-01   0.0000000e+00
   9.0010000e-01   5.7510000e-01   0.0000000e+00
   9.2510000e-01   5.7510000e-01   0.0000000e+00
   9.5010000e-01   5.7510000e-01   0.0000000e+00
   9.7510000e-01   5.7510000e-01   0.0000000e+00
   1.0001000e+00   5.7510000e-01   0.0000000e+00
   1.0000000e-04   6.0010000e-01   0.0000000e+00
   2.5100000e-02   6.0010000e-01   0.0000000e+00
   5.0100000e-02   6.0010000e-01   0.0000000e+00
   7.5100000e-02   6.0010000e-01   0.0000000e+00
   1.0010000e-01   6.0010000e-01   0.0000000e+00
   1.2510000e-01   6.0010000e-01   0.0000000e+00
   1.5010000e-01   6.0010000e-01   0.0000000e+00
   1.7510000e-01   6.0010000e-01   0.0000000e+00
   2.0010000e-01   6.0010000e-01   0.0000000e+00
   2.2510000e-01   6.0010000e-01   0.0000000e+00
   2.5010000e-01   6.0010000e-01   0.0000000e+00
   2.7510000e-01   6.0010000e-01   0.0000000e+00
   3.0010000e-01   6.0010000e-01   0.0000000e+00
   3.2510000e-01   6.0010000e-01   0.0000000e+00
   3.5010000e-01   6.0010000e-01   0.0000000e+00
   3.7510000e-01   6.0010000e-01   0.0000000e+00
   4.0010000e-01   6.0010000e-01   0.0000000e+00
   4.2510000e-01   6.0010000e-01   0.0000000e+00
   4.5010000e-01   6.0010000e-01   0.0000000e+00
   4.7510000e-01   6.0010000e-01   0.0000000e+00
   5.0010000e-01   6.0010000e-01   0.0000000e+00
   5.2510000e-01   6.0010000e-01   0.0000000e+00
   5.5010000e-01   6.0010000e-01   0.0000000e+00
   5.7510000e-01   6.0010000e-01   0.0000000e+00
   6.0010000e-01   6.0010000e-01   0.0000000e+00
   6.2510000e-01   6.0010000e-01   0.0000000e+00
   6.5010000e-01   6.0010000e-01   0.0000000e+00
   6.7510000e-01   6.0010000e-01   0.0000000e+00
   7.0010000e-01   6.0010000e-01   0.0000000e+00
   7.2510000e-01   6.0010000e-01   0.0000000e+00
   7.5010000e-01   6.0010000e-01   0.0000000e+00
   7.7510000e-01   6.0010000e-01   0.0000000e+00
   8.0010000e-01   6.0010000e-01   0.0000000e+00
   8.2510000e-01   6.0010000e-01   0.0000000e+00
   8.5010000e-01   6.0010000e-01   0.0000000e+00
   8.7510000e-01   6.0010000e-01   0.0000000e+00
   9.0010000e-01   6.0010000e-01   0.0000000e+00
   9.2510000e-01   6.0010000e-01   0.0000000e+00
   9.5010000e-01   6.0010000e-01   0.0000000e+00
   9.7510000e-01   6.0010000e-01   0.0000000e+00
   1.0001000e+00   6.0010000e-01   0.0000000e+00
   1.0000000e-04   6.2510000e-01   0.0000000e+00
   2.5100000e-02   6.2510000e-01   0.0000000e+00
   5.0100000e-02   6.2510000e-01   0.0000000e+00
   7.5100000e-02   6.2510000e-01   0.0000000e+00
   1.0010000e-01   6.2510000e-01   0.0000000e+00
   1.2510000e-01   6.2510000e-01   0.0000000e+00
   1.5010000e-01   6.2510000e-01   0.0000000e+00
   1.7510000e-01   6.2510000e-01   0.0000000e+00
   2.0010000e-01   6.2510000e-01   0.0000000e+00
   2.2510000e-01   6.2510000e-01   0.0000000e+00
   2.5010000e-01   6.2510000e-01   0.0000000e+00
   2.7510000e-01   6.2510000e-01   0.0000000e+00
   3.0010000e-01   6.2510000e-01   0.0000000e+00
   3.2510000e-01   6.2510000e-01   0.0000000e+00
   3.5010000e-01   6.2510000e-01   0.0000000e+00
   3.7510000e-01   6.2510000e-01   0.0000000e+00
   4.0010000e-01   6.2510000e-01   0.0000000e+00
   4.2510000e-01   6.2510000e-01   0.0000000e+00
   4.5010000e-01   6.2510000e-01   0.0000000e+00
   4.7510000e-01   6.2510000e-01   0.0000000e+00
   5.0010000e-01   6.2510000e-01   0.0000000e+00
   5.2510000e-01   6.2510000e-01   0.0000000e+00
   5.5010000e-01   6.2510000e-01   0.0000000e+00
   5.7510000e-01   6.2510000e-01   0.0000000e+00
   6.0010000e-01   6.2510000e-01   0.0000000e+00
   6.2510000e-01   6.2510000e-01   0.0000000e+00
   6.5010000e-01   6.2510000e-01   0.0000000e+00
   6.7510000e-01   6.2510000e-01   0.0000000e+00
   7.0010000e-01   6.2510000e-01   0.0000000e+00
   7.2510000e-01   6.2510000e-01   0.0000000e+00
   7.5010000e-01   6.2510000e-01   0.0000000e+00
   7.7510000e-01   6.2510000e-01   0.0000000e+00
   8.0010000e-01   6.2510000e-01   0.0000000e+00
   8.2510000e-01   6.2510000e-01   0.0000000e+00
   8.5010000e-01   6.2510000e-01   0.0000000e+00
   8.7510000e-01   6.2510000e-01   0.0000000e+00
   9.0010000e-01   6.2510000e-01   0.0000000e+00
   9.2510000e-01   6.2510000e-01   0.0000000e+00
   9.5010000e-01   6.2510000e-01   0.0000000e+00
   9.7510000e-01   6.2510000e-01   0.0000000e+00
   1.0001000e+00   6.2510000e-01   0.0000000e+00
   1.0000000e-04   6.5010000e-01   0.0000000e+00
   2.5100000e-02   6.5010000e-01   0.0000000e+00
   5.0100000e-02   6.5010000e-01   0.0000000e+00
   7.5100000e-02   6.5010000e-01   0.0000000e+00
   1.0010000e-01   6.5010000e-01   0.0000000e+00
   1.2510000e-01   6.5010000e-01   0.0000000e+00
   1.5010000e-01   6.5010000e-01   0.0000000e+00
   1.7510000e-01   6.5010000e-01   0.0000000e+00
   2.0010000e-01   6.5010000e-01   0.0000000e+00
   2.2510000e-01   6.5010000e-01   0.0000000e+00
   2.5010000e-01   6.5010000e-01   0.0000000e+00
   2.7510000e-01   6.5010000e-01   0.0000000e+00
   3.0010000e-01   6.5010000e-01   0.0000000e+00
   3.2510000e-01   6.5010000e-01   0.0000000e+00
   3.5010000e-01   6.5010000e-01   0.0000000e+00
   3.7510000e-01   6.5010000e-01   0.0000000e+00
   4.0010000e-01   6.5010000e-01   0.0000000e+00
   4.2510000e-01   6.5010000e-01   0.0000000e+00
   4.5010000e-01   6.5010000e-01   0.0000000e+00
   4.7510000e-01   6.5010000e-01   0.0000000e+00
   5.0010000e-01   6.5010000e-01   0.0000000e+00
   5.2510000e-01   6.5010000e-01   0.0000000e+00
   5.5010000e-01   6.5010000e-01   0.0000000e+00
   5.7510000e-01   6.5010000e-01   0.0000000e+00
   6.0010000e-01   6.5010000e-01   0.0000000e+00
   6.2510000e-01   6.5010000e-01   0.0000000e+00
   6.5010000e-01   6.5010000e-01   0.0000000e+00
   6.7510000e-01   6.5010000e-01   0.0000000e+00
   7.0010000e-01   6.5010000e-01   0.0000000e+00
   7.2510000e-01   6.5010000e-01   0.0000000e+00
   7.5010000e-01   6.5010000e-01   0.0000000e+00
   7.7510000e-01   6.5010000e-01   0.0000000e+00
   8.0010000e-01   6.5010000e-01   0.0000000e+00
   8.2510000e-01   6.5010000e-01   0.0000000e+00
   8.5010000e-01   6.5010000e-01   0.0000000e+00
   8.7510000e-01   6.5010000e-01   0.0000000e+00
   9.0010000e-01   6.5010000e-01   0.0000000e+00
   9.2510000e-01   6.5010000e-01   0.0000000e+00
   9.5010000e-01   6.5010000e-01   0.0000000e+00
   9.7510000e-01   6.5010000e-01   0.0000000e+00
   1.0001000e+00   6.5010000e-01   0.0000000e+00
   1.0000000e-04   6.7510000e-01   0.0000000e+00
   2.5100000e-02   6.7510000e-01   0.0000000e+00
   5.0100000e-02   6.7510000e-01   0.0000000e+00
   7.5100000e-02   6.7510000e-01   0.0000000e+00
   1.0010000e-01   6.7510000e-01   0.0000000e+00
   1.2510000e-01   6.7510000e-01   0.0000000e+00
   1.5010000e-01   6.7510000e-01   0.0000000e+00
   1.7510000e-01   6.7510000e-01   0.0000000e+00
   2.0010000e-01   6.7510000e-01   0.0000000e+00
   2.2510000e-01   6.7510000e-01   0.0000000e+00
   2.5010000e-01   6.7510000e-01   0.0000000e+00
   2.7510000e-01   6.7510000e-01   0.0000000e+00
   3.0010000e-01   6.7510000e-01   0.0000000e+00
   3.2510000e-01   6.7510000e-01   0.0000000e+00
   3.5010000e-01   6.7510000e-01   0.0000000e+00
   3.7510000e-01   6.7510000e-01   0.0000000e+00
   4.0010000e-01   6.7510000e-01   0.0000000e+00
   4.2510000e-01   6.7510000e-01   0.0000000e+00
   4.5010000e-01   6.7510000e-01   0.0000000e+00
   4.7510000e-01   6.7510000e-01   0.0000000e+00
   5.0010000e-01   6.7510000e-01   0.0000000e+00
   5.2510000e-01   6.7510000e-01   0.0000000e+00
   5.5010000e-01   6.7510000e-01   0.0000000e+00
   5.7510000e-01   6.7510000e-01   0.0000000e+00
   6.0010000e-01   6.7510000e-01   0.0000000e+00
   6.2510000e-01   6.7510000e-01   0.0000000e+00
   6.5010000e-01   6.7510000e-01   0.0000000e+00
   6.7510000e-01   6.7510000e-01   0.0000000e+00
   7.0010000e-01   6.7510000e-01   0.0000000e+00
   7.2510000e-01   6.7510000e-01   0.0000000e+00
   7.5010000e-01   6.7510000e-01   0.0000000e+00
   7.7510000e-01   6.7510000e-01   0.0000000e+00
   8.0010000e-01   6.7510000e-01   0.0000000e+00
   8.2510000e-01   6.7510000e-01   0.0000000e+00
   8.5010000e-01   6.7510000e-01   0.0000000e+00
   8.7510000e-01   6.7510000e-01   0.0000000e+00
   9.0010000e-01   6.7510000e-01   0.0000000e+00
   9.2510000e-01   6.7510000e-01   0.0000000e+00
   9.5010000e-01   6.7510000e-01   0.0000000e+00
   9.7510000e-01   6.7510000e-01   0.0000000e+00
   1.0001000e+00   6.7510000e-01   0.0000000e+00
   1.0000000e-04   7.0010000e-01   0.0000000e+00
   2.5100000e-02   7.0010000e-01   0.0000000e+00
   5.0100000e-02   7.0010000e-01   0.0000000e+00
   7.5100000e-02   7.0010000e-01   0.0000000e+00
   1.0010000e-01   7.0010000e-01   0.0000000e+00
   1.2510000e-01   7.0010000e-01   0.0000000e+00
   1.5010000e-01   7.0010000e-01   0.0000000e+00
   1.7510000e-01   7.0010000e-01   0.0000000e+00
   2.0010000e-01   7.0010000e-01   0.0000000e+00
   2.2510000e-01   7.0010000e-01   0.0000000e+00
   2.5010000e-01   7.0010000e-01   0.0000000e+00
   2.7510000e-01   7.0010000e-01   0.0000000e+00
   3.0010000e-01   7.0010000e-01   0.0000000e+00
   3.2510000e-01   7.0010000e-01   0.0000000e+00
   3.5010000e-01   7.0010000e-01   0.0000000e+00
   3.7510000e-01   7.0010000e-01   0.0000000e+00
   4.0010000e-01   7.0010000e-01   0.0000000e+00
   4.2510000e-01   7.0010000e-01   0.0000000e+00
   4.5010000e-01   7.0010000e-01   0.0000000e+00
   4.7510000e-01   7.0010000e-01   0.0000000e+00
   5.0010000e-01   7.0010000e-01   0.0000000e+00
   5.2510000e-01   7.0010000e-01   0.0000000e+00
   5.5010000e-01   7.0010000e-01   0.0000000e+00
   5.7510000e-01   7.0010000e-01   0.0000000e+00
   6.0010000e-01   7.0010000e-01   0.0000000e+00
   6.2510000e-01   7.0010000e-01   0.0000000e+00
   6.5010000e-01   7.0010000e-01   0.0000000e+00
   6.7510000e-01   7.0010000e-01   0.0000000e+00
   7.0010000e-01   7.0010000e-01   0.0000000e+00
   7.2510000e-01   7.0010000e-01   0.0000000e+00
   7.5010000e-01   7.0010000e-01   0.0000000e+00
   7.7510000e-01   7.0010000e-01   0.0000000e+00
   8.0010000e-01   7.0010000e-01   0.0000000e+00
   8.2510000e-01   7.0010000e-01   0.0000000e+00
   8.5010000e-01   7.0010000e-01   0.0000000e+00
   8.7510000e-01   7.0010000e-01   0.0000000e+00
   9.0010000e-01   7.0010000e-01   0.0000000e+00
   9.2510000e-01   7.0010000e-01   0.0000000e+00
   9.5010000e-01   7.0010000e-01   0.0000000e+00
   9.7510000e-01   7.0010000e-01   0.0000000e+00
   1.0001000e+00   7.0010000e-01   0.0000000e+00
   1.0000000e-04   7.2510000e-01   0.0000000e+00
   2.5100000e-02   7.2510000e-01   0.0000000e+00
   5.0100000e-02   7.2510000e-01   0.0000000e+00
   7.5100000e-02   7.2510000e-01   0.0000000e+00
   1.0010000e-01   7.2510000e-01   0.0000000e+00
   1.2510000e-01   7.2510000e-01   0.0000000e+00
   1.5010000e-01   7.2510000e-01   0.0000000e+00
   1.7510000e-01   7.2510000e-01   0.0000000e+00
   2.0010000e-01   7.2510000e-01   0.0000000e+00
   2.2510000e-01   7.2510000e-01   0.0000000e+00
   2.5010000e-01   7.2510000e-01   0.0000000e+00
   2.7510000e-01   7.2510000e-01   0.0000000e+00
   3.0010000e-01   7.2510000e-01   0.0000000e+00
   3.2510000e-01   7.2510000e-01   0.0000000e+00
   3.5010000e-01   7.2510000e-01   0.0000000e+00
   3.7510000e-01   7.2510000e-01   0.0000000e+00
   4.0010000e-01   7.2510000e-01   0.0000000e+00
   4.2510000e-01   7.2510000e-01   0.0000000e+00
   4.5010000e-01   7.2510000e-01   0.0000000e+00
   4.7510000e-01   7.2510000e-01   0.0000000e+00
   5.0010000e-01   7.2510000e-01   0.0000000e+00
   5.2510000e-01   7.2510000e-01   0.0000000e+00
   5.5010000e-01   7.2510000e-01   0.0000000e+00
   5.7510000e-01   7.2510000e-01   0.0000000e+00
   6.0010000e-01   7.2510000e-01   0.0000000e+00
   6.2510000e-01   7.2510000e-01   0.0000000e+00
   6.5010000e-01   7.2510000e-01   0.0000000e+00
   6.7510000e-01   7.2510000e-01   0.0000000e+00
   7.0010000e-01   7.2510000e-01   0.0000000e+00
   7.2510000e-01   7.2510000e-01   0.0000000e+00
   7.5010000e-01   7.2510000e-01   0.0000000e+00
   7.7510000e-01   7.2510000e-01   0.0000000e+00
   8.0010000e-01   7.2510000e-01   0.0000000e+00
   8.2510000e-01   7.2510000e-01   0.0000000e+00
   8.5010000e-01   7.2510000e-01   0.0000000e+00
   8.7510000e-01   7.2510000e-01   0.0000000e+00
   9.0010000e-01   7.2510000e-01   0.0000000e+00
   9.2510000e-01   7.2510000e-01   0.0000000e+00
   9.5010000e-01   7.2510000e-01   0.0000000e+00
   9.7510000e-01   7.2510000e-01   0.0000000e+00
   1.0001000e+00   7.2510000e-01   0.0000000e+00
   1.0000000e-04   7.5010000e-01   0.0000000e+00
   2.5100000e-02   7.5010000e-01   0.0000000e+00
   5.0100000e-02   7.5010000e-01   0.0000000e+00
   7.5100000e-02   7.5010000e-01   0.0000000e+00
   1.0010000e-01   7.5010000e-01   0.0000000e+00
   1.2510000e-01   7.5010000e-01   0.0000000e+00
   1.5010000e-01   7.5010000e-01   0.0000000e+00
   1.7510000e-01   7.5010000e-01   0.0000000e+00
   2.0010000e-01   7.5010000e-01   0.0000000e+00
   2.2510000e-01   7.5010000e-01   0.0000000e+00
   2.5010000e-01   7.5010000e-01   0.0000000e+00
   2.7510000e-01   7.5010000e-01   0.0000000e+00
   3.0010000e-01   7.5010000e-01   0.0000000e+00
   3.2510000e-01   7.5010000e-01   0.0000000e+00
   3.5010000e-01   7.5010000e-01   0.0000000e+00
   3.7510000e-01   7.5010000e-01   0.0000000e+00
   4.0010000e-01   7.5010000e-01   0.0000000e+00
   4.2510000e-01   7.5010000e-01   0.0000000e+00
   4.5010000e-01   7.5010000e-01   0.0000000e+00
   4.7510000e-01   7.5010000e-01   0.0000000e+00
   5.0010000e-01   7.5010000e-01   0.0000000e+00
   5.2510000e-01   7.5010000e-01   0.0000000e+00
   5.5010000e-01   7.5010000e-01   0.0000000e+00
   5.7510000e-01   7.5010000e-01   0.0000000e+00
   6.0010000e-01   7.5010000e-01   0.0000000e+00
   6.2510000e-01   7.5010000e-01   0.0000000e+00
   6.5010000e-01   7.5010000e-01   0.0000000e+00
   6.7510000e-01   7.5010000e-01   0.0000000e+00
   7.0010000e-01   7.5010000e-01   0.0000000e+00
   7.2510000e-01   7.5010000e-01   0.0000000e+00
   7.5010000e-01   7.5010000e-01   0.0000000e+00
   7.7510000e-01   7.5010000e-01   0.0000000e+00
   8.0010000e-01   7.5010000e-01   0.0000000e+00
   8.2510000e-01   7.5010000e-01   0.0000000e+00
   8.5010000e-01   7.5010000e-01   0.0000000e+00
   8.7510000e-01   7.5010000e-01   0.0000000e+00
   9.0010000e-01   7.5010000e-01   0.0000000e+00
   9.2510000e-01   7.5010000e-01   0.0000000e+00
   9.5010000e-01   7.5010000e-01   0.0000000e+00
   9.7510000e-01   7.5010000e-01   0.0000000e+00
   1.0001000e+00   7.5010000e-01   0.0000000e+00
   1.0000000e-04   7.7510000e-01   0.0000000e+00
   2.5100000e-02   7.7510000e-01   0.0000000e+00
   5.0100000e-02   7.7510000e-01   0.0000000e+00
   7.5100000e-02   7.7510000e-01   0.0000000e+00
   1.0010000e-01   7.7510000e-01   0.0000000e+00
   1.2510000e-01   7.7510000e-01   0.0000000e+00
   1.5010000e-01   7.7510000e-01   0.0000000e+00
   1.7510000e-01   7.7510000e-01   0.0000000e+00
   2.0010000e-01   7.7510000e-01   0.0000000e+00
   2.2510000e-01   7.7510000e-01   0.0000000e+00
   2.5010000e-01   7.7510000e-01   0.0000000e+00
   2.7510000e-01   7.7510000e-01   0.0000000e+00
   3.0010000e-01   7.7510000e-01   0.0000000e+00
   3.2510000e-01   7.7510000e-01   0.0000000e+00
   3.5010000e-01   7.7510000e-01   0.0000000e+00
   3.7510000e-01   7.7510000e-01   0.0000000e+00
   4.0010000e-01   7.7510000e-01   0.0000000e+00
   4.2510000e-01   7.7510000e-01   0.0000000e+00
   4.5010000e-01   7.7510000e-01   0.0000000e+00
   4.7510000e-01   7.7510000e-01   0.0000000e+00
   5.0010000e-01   7.7510000e-01   0.0000000e+00
   5.2510000e-01   7.7510000e-01   0.0000000e+00
   5.5010000e-01   7.7510000e-01   0.0000000e+00
   5.7510000e-01   7.7510000e-01   0.0000000e+00
   6.0010000e-01   7.7510000e-01   0.0000000e+00
   6.2510000e-01   7.7510000e-01   0.0000000e+00
   6.5010000e-01   7.7510000e-01   0.0000000e+00
   6.7510000e-01   7.7510000e-01   0.0000000e+00
   7.0010000e-01   7.7510000e-01   0.0000000e+00
   7.2510000e-01   7.7510000e-01   0.0000000e+00
   7.5010000e-01   7.7510000e-01   0.0000000e+00
   7.7510000e-01   7.7510000e-01   0.0000000e+00
   8.0010000e-01   7.7510000e-01   0.0000000e+00
   8.2510000e-01   7.7510000e-01   0.0000000e+00
   8.5010000e-01   7.7510000e-01   0.0000000e+00
   8.7510000e-01   7.7510000e-01   0.0000000e+00
   9.0010000e-01   7.7510000e-01   0.0000000e+00
   9.2510000e-01   7.7510000e-01   0.0000000e+00
   9.5010000e-01   7.7510000e-01   0.0000000e+00
   9.7510000e-01   7.7510000e-01   0.0000000e+00
   1.0001000e+00   7.7510000e-01   0.0000000e+00
   1.0000000e-04   8.0010000e-01   0.0000000e+00
   2.5100000e-02   8.0010000e-01   0.0000000e+00
   5.0100000e-02   8.0010000e-01   0.0000000e+00
   7.5100000e-02   8.0010000e-01   0.0000000e+00
   1.0010000e-01   8.0010000e-01   0.0000000e+00
   1.2510000e-01   8.0010000e-01   0.0000000e+00
   1.5010000e-01   8.0010000e-01   0.0000000e+00
   1.7510000e-01   8.0010000e-01   0.0000000e+00
   2.0010000e-01   8.0010000e-01   0.0000000e+00
   2.2510000e-01   8.0010000e-01   0.0000000e+00
   2.5010000e-01   8.0010000e-01   0.0000000e+00
   2.7510000e-01   8.0010000e-01   0.0000000e+00
   3.0010000e-01   8.0010000e-01   0.0000000e+00
   3.2510000e-01   8.0010000e-01   0.0000000e+00
   3.5010000e-01   8.0010000e-01   0.0000000e+00
   3.7510000e-01   8.0010000e-01   0.0000000e+00
   4.0010000e-01   8.0010000e-01   0.0000000e+00
   4.2510000e-01   8.0010000e-01   0.0000000e+00
   4.5010000e-01   8.0010000e-01   0.0000000e+00
   4.7510000e-01   8.0010000e-01   0.0000000e+00
   5.0010000e-01   8.0010000e-01   0.0000000e+00
   5.2510000e-01   8.0010000e-01   0.0000000e+00
   5.5010000e-01   8.0010000e-01   0.0000000e+00
   5.7510000e-01   8.0010000e-01   0.0000000e+00
   6.0010000e-01   8.0010000e-01   0.0000000e+00
   6.2510000e-01   8.0010000e-01   0.0000000e+00
   6.5010000e-01   8.0010000e-01   0.0000000e+00
   6.7510000e-01   8.0010000e-01   0.0000000e+00
   7.0010000e-01   8.0010000e-01   0.0000000e+00
   7.2510000e-01   8.0010000e-01   0.0000000e+00
   7.5010000e-01   8.0010000e-01   0.0000000e+00
   7.7510000e-01   8.0010000e-01   0.0000000e+00
   8.0010000e-01   8.0010000e-01   0.0000000e+00
   8.2510000e-01   8.0010000e-01   0.0000000e+00
   8.5010000e-01   8.0010000e-01   0.0000000e+00
   8.7510000e-01   8.0010000e-01   0.0000000e+00
   9.0010000e-01   8.0010000e-01   0.0000000e+00
   9.2510000e-01   8.0010000e-01   0.0000000e+00
   9.5010000e-01   8.0010000e-01   0.0000000e+00
   9.7510000e-01   8.0010000e-01   0.0000000e+00
   1.0001000e+00   8.0010000e-01   0.0000000e+00
   1.0000000e-04   8.2510000e-01   0.0000000e+00
   2.5100000e-02   8.2510000e-01   0.0000000e+00
   5.0100000e-02   8.2510000e-01   0.0000000e+00
   7.5100000e-02   8.2510000e-01   0.0000000e+00
   1.0010000e-01   8.2510000e-01   0.0000000e+00
   1.2510000e-01   8.2510000e-01   0.0000000e+00
   1.5010000e-01   8.2510000e-01   0.0000000e+00
   1.7510000e-01   8.2510000e-01   0.0000000e+00
   2.0010000e-01   8.2510000e-01   0.0000000e+00
   2.2510000e-01   8.2510000e-01   0.0000000e+00
   2.5010000e-01   8.2510000e-01   0.0000000e+00
   2.7510000e-01   8.2510000e-01   0.0000000e+00
   3.0010000e-01   8.2510000e-01   0.0000000e+00
   3.2510000e-01   8.2510000e-01   0.0000000e+00
   3.5010000e-01   8.2510000e-01   0.0000000e+00
   3.7510000e-01   8.2510000e-01   0.0000000e+00
   4.0010000e-01   8.2510000e-01   0.0000000e+00
   4.2510000e-01   8.2510000e-01   0.0000000e+00
   4.5010000e-01   8.2510000e-01   0.0000000e+00
   4.7510000e-01   8.2510000e-01   0.0000000e+00
   5.0010000e-01   8.2510000e-01   0.0000000e+00
   5.2510000e-01   8.2510000e-01   0.0000000e+00
   5.5010000e-01   8.2510000e-01   0.0000000e+00
   5.7510000e-01   8.2510000e-01   0.0000000e+00
   6.0010000e-01   8.2510000e-01   0.0000000e+00
   6.2510000e-01   8.2510000e-01   0.0000000e+00
   6.5010000e-01   8.2510000e-01   0.0000000e+00
   6.7510000e-01   8.2510000e-01   0.0000000e+00
   7.0010000e-01   8.2510000e-01   0.0000000e+00
   7.2510000e-01   8.2510000e-01   0.0000000e+00
   7.5010000e-01   8.2510000e-01   0.0000000e+00
   7.7510000e-01   8.2510000e-01   0.0000000e+00
   8.0010000e-01   8.2510000e-01   0.0000000e+00
   8.2510000e-01   8.2510000e-01   0.0000000e+00
   8.5010000e-01   8.2510000e-01   0.0000000e+00
   8.7510000e-01   8.2510000e-01   0.0000000e+00
   9.0010000e-01   8.2510000e-01   0.0000000e+00
   9.2510000e-01   8.2510000e-01   0.0000000e+00
   9.5010000e-01   8.2510000e-01   0.0000000e+00
   9.7510000e-01   8.2510000e-01   0.0000000e+00
   1.0001000e+00   8.2510000e-01   0.0000000e+00
   1.0000000e-04   8.5010000e-01   0.0000000e+00
   2.5100000e-02   8.5010000e-01   0.0000000e+00
   5.0100000e-02   8.5010000e-01   0.0000000e+00
   7.5100000e-02   8.5010000e-01   0.0000000e+00
   1.0010000e-01   8.5010000e-01   0.0000000e+00
   1.2510000e-01   8.5010000e-01   0.0000000e+00
   1.5010000e-01   8.5010000e-01   0.0000000e+00
   1.7510000e-01   8.5010000e-01   0.0000000e+00
   2.0010000e-01   8.5010000e-01   0.0000000e+00
   2.2510000e-01   8.5010000e-01   0.0000000e+00
   2.5010000e-01   8.5010000e-01   0.0000000e+00
   2.7510000e-01   8.5010000e-01   0.0000000e+00
   3.0010000e-01   8.5010000e-01   0.0000000e+00
   3.2510000e-01   8.5010000e-01   0.0000000e+00
   3.5010000e-01   8.5010000e-01   0.0000000e+00
   3.7510000e-01   8.5010000e-01   0.0000000e+00
   4.0010000e-01   8.5010000e-01   0.0000000e+00
   4.2510000e-01   8.5010000e-01   0.0000000e+00
   4.5010000e-01   8.5010000e-01   0.0000000e+00
   4.7510000e-01   8.5010000e-01   0.0000000e+00
   5.0010000e-01   8.5010000e-01   0.0000000e+00
   5.2510000e-01   8.5010000e-01   0.0000000e+00
   5.5010000e-01   8.5010000e-01   0.0000000e+00
   5.7510000e-01   8.5010000e-01   0.0000000e+00
   6.0010000e-01   8.5010000e-01   0.0000000e+00
   6.2510000e-01   8.5010000e-01   0.0000000e+00
   6.5010000e-01   8.5010000e-01   0.0000000e+00
   6.7510000e-01   8.5010000e-01   0.0000000e+00
   7.0010000e-01   8.5010000e-01   0.0000000e+00
   7.2510000e-01   8.5010000e-01   0.0000000e+00
   7.5010000e-01   8.5010000e-01   0.0000000e+00
   7.7510000e-01   8.5010000e-01   0.0000000e+00
   8.0010000e-01   8.5010000e-01   0.0000000e+00
   8.2510000e-01   8.5010000e-01   0.0000000e+00
   8.5010000e-01   8.5010000e-01   0.0000000e+00
   8.7510000e-01   8.5010000e-01   0.0000000e+00
   9.0010000e-01   8.5010000e-01   0.0000000e+00
   9.2510000e-01   8.5010000e-01   0.0000000e+00
   9.5010000e-01   8.5010000e-01   0.0000000e+00
   9.7510000e-01   8.5010000e-01   0.0000000e+00
   1.0001000e+00   8.5010000e-01   0.0000000e+00
   1.0000000e-04   8.7510000e-01   0.0000000e+00
   2.5100000e-02   8.7510000e-01   0.0000000e+00
   5.0100000e-02   8.7510000e-01   0.0000000e+00
   7.5100000e-02   8.7510000e-01   0.0000000e+00
   1.0010000e-01   8.7510000e-01   0.0000000e+00
   1.2510000e-01   8.7510000e-01   0.0000000e+00
   1.5010000e-01   8.7510000e-01   0.0000000e+00
   1.7510000e-01   8.7510000e-01   0.0000000e+00
   2.0010000e-01   8.7510000e-01   0.0000000e+00
   2.2510000e-01   8.7510000e-01   0.0000000e+00
   2.5010000e-01   8.7510000e-01   0.0000000e+00
   2.7510000e-01   8.7510000e-01   0.0000000e+00
   3.0010000e-01   8.7510000e-01   0.0000000e+00
   3.2510000e-01   8.7510000e-01   0.0000000e+00
   3.5010000e-01   8.7510000e-01   0.0000000e+00
   3.7510000e-01   8.7510000e-01   0.0000000e+00
   4.0010000e-01   8.7510000e-01   0.0000000e+00
   4.2510000e-01   8.7510000e-01   0.0000000e+00
   4.5010000e-01   8.7510000e-01   0.0000000e+00
   4.7510000e-01   8.7510000e-01   0.0000000e+00
   5.0010000e-01   8.7510000e-01   0.0000000e+00
   5.2510000e-01   8.7510000e-01   0.0000000e+00
   5.5010000e-01   8.7510000e-01   0.0000000e+00
   5.7510000e-01   8.7510000e-01   0.0000000e+00
   6.0010000e-01   8.7510000e-01   0.0000000e+00
   6.2510000e-01   8.7510000e-01   0.0000000e+00
   6.5010000e-01   8.7510000e-01   0.0000000e+00
   6.7510000e-01   8.7510000e-01   0.0000000e+00
   7.0010000e-01   8.7510000e-01   0.0000000e+00
   7.2510000e-01   8.7510000e-01   0.0000000e+00
   7.5010000e-01   8.7510000e-01   0.0000000e+00
   7.7510000e-01   8.7510000e-01   0.0000000e+00
   8.0010000e-01   8.7510000e-01   0.0000000e+00
   8.2510000e-01   8.7510000e-01   0.0000000e+00
   8.5010000e-01   8.7510000e-01   0.0000000e+00
   8.7510000e-01   8.7510000e-01   0.0000000e+00
   9.0010000e-01   8.7510000e-01   0.0000000e+00
   9.2510000e-01   8.7510000e-01   0.0000000e+00
   9.5010000e-01   8.7510000e-01   0.0000000e+00
   9.7510000e-01   8.7510000e-01   0.0000000e+00
   1.0001000e+00   8.7510000e-01   0.0000000e+00
   1.0000000e-04   9.0010000e-01   0.0000000e+00
   2.5100000e-02   9.0010000e-01   0.0000000e+00
   5.0100000e-02   9.0010000e-01   0.0000000e+00
   7.5100000e-02   9.0010000e-01   0.0000000e+00
   1.0010000e-01   9.0010000e-01   0.0000000e+00
   1.2510000e-01   9.0010000e-01   0.0000000e+00
   1.5010000e-01   9.0010000e-01   0.0000000e+00
   1.7510000e-01   9.0010000e-01   0.0000000e+00
   2.0010000e-01   9.0010000e-01   0.0000000e+00
   2.2510000e-01   9.0010000e-01   0.0000000e+00
   2.5010000e-01   9.0010000e-01   0.0000000e+00
   2.7510000e-01   9.0010000e-01   0.0000000e+00
   3.0010000e-01   9.0010000e-01   0.0000000e+00
   3.2510000e-01   9.0010000e-01   0.0000000e+00
   3.5010000e-01   9.0010000e-01   0.0000000e+00
   3.7510000e-01   9.0010000e-01   0.0000000e+00
   4.0010000e-01   9.0010000e-01   0.0000000e+00
   4.2510000e-01   9.0010000e-01   0.0000000e+00
   4.5010000e-01   9.0010000e-01   0.0000000e+00
   4.7510000e-01   9.0010000e-01   0.0000000e+00
   5.0010000e-01   9.0010000e-01   0.0000000e+00
   5.2510000e-01   9.0010000e-01   0.0000000e+00
   5.5010000e-01   9.0010000e-01   0.0000000e+00
   5.7510000e-01   9.0010000e-01   0.0000000e+00
   6.0010000e-01   9.0010000e-01   0.0000000e+00
   6.2510000e-01   9.0010000e-01   0.0000000e+00
   6.5010000e-01   9.0010000e-01   0.0000000e+00
   6.7510000e-01   9.0010000e-01   0.0000000e+00
   7.0010000e-01   9.0010000e-01   0.0000000e+00
   7.2510000e-01   9.0010000e-01   0.0000000e+00
   7.5010000e-01   9.0010000e-01   0.0000000e+00
   7.7510000e-01   9.0010000e-01   0.0000000e+00
   8.0010000e-01   9.0010000e-01   0.0000000e+00
   8.2510000e-01   9.0010000e-01   0.0000000e+00
   8.5010000e-01   9.0010000e-01   0.0000000e+00
   8.7510000e-01   9.0010000e-01   0.0000000e+00
   9.0010000e-01   9.0010000e-01   0.0000000e+00
   9.2510000e-01   9.0010000e-01   0.0000000e+00
   9.5010000e-01   9.0010000e-01   0.0000000e+00
   9.7510000e-01   9.0010000e-01   0.0000000e+00
   1.0001000e+00   9.0010000e-01   0.0000000e+00
   1.0000000e-04   9.2510000e-01   0.0000000e+00
   2.5100000e-02   9.2510000e-01   0.0000000e+00
   5.0100000e-02   9.2510000e-01   0.0000000e+00
   7.5100000e-02   9.2510000e-01   0.0000000e+00
   1.0010000e-01   9.2510000e-01   0.0000000e+00
   1.2510000e-01   9.2510000e-01   0.0000000e+00
   1.5010000e-01   9.2510000e-01   0.0000000e+00
   1.7510000e-01   9.2510000e-01   0.0000000e+00
   2.0010000e-01   9.2510000e-01   0.0000000e+00
   2.2510000e-01   9.2510000e-01   0.0000000e+00
   2.5010000e-01   9.2510000e-01   0.0000000e+00
   2.7510000e-01   9.2510000e-01   0.0000000e+00
   3.0010000e-01   9.2510000e-01   0.0000000e+00
   3.2510000e-01   9.2510000e-01   0.0000000e+00
   3.5010000e-01   9.2510000e-01   0.0000000e+00
   3.7510000e-01   9.2510000e-01   0.0000000e+00
   4.0010000e-01   9.2510000e-01   0.0000000e+00
   4.2510000e-01   9.2510000e-01   0.0000000e+00
   4.5010000e-01   9.2510000e-01   0.0000000e+00
   4.7510000e-01   9.2510000e-01   0.0000000e+00
   5.0010000e-01   9.2510000e-01   0.0000000e+00
   5.2510000e-01   9.2510000e-01   0.0000000e+00
   5.5010000e-01   9.2510000e-01   0.0000000e+00
   5.7510000e-01   9.2510000e-01   0.0000000e+00
   6.0010000e-01   9.2510000e-01   0.0000000e+00
   6.2510000e-01   9.2510000e-01   0.0000000e+00
   6.5010000e-01   9.2510000e-01   0.0000000e+00
   6.7510000e-01   9.2510000e-01   0.0000000e+00
   7.0010000e-01   9.2510000e-01   0.0000000e+00
   7.2510000e-01   9.2510000e-01   0.0000000e+00
   7.5010000e-01   9.2510000e-01   0.0000000e+00
   7.7510000e-01   9.2510000e-01   0.0000000e+00
   8.0010000e-01   9.2510000e-01   0.0000000e+00
   8.2510000e-01   9.2510000e-01   0.0000000e+00
   8.5010000e-01   9.2510000e-01   0.0000000e+00
   8.7510000e-01   9.2510000e-01   0.0000000e+00
   9.0010000e-01   9.2510000e-01   0.0000000e+00
   9.2510000e-01   9.2510000e-01   0.0000000e+00
   9.5010000e-01   9.2510000e-01   0.0000000e+00
   9.7510000e-01   9.2510000e-01   0.0000000e+00
   1.0001000e+00   9.2510000e-01   0.0000000e+00
   1.0000000e-04   9.5010000e-01   0.0000000e+00
   2.5100000e-02   9.5010000e-01   0.0000000e+00
   5.0100000e-02   9.5010000e-01   0.0000000e+00
   7.5100000e-02   9.5010000e-01   0.0000000e+00
   1.0010000e-01   9.5010000e-01   0.0000000e+00
   1.2510000e-01   9.5010000e-01   0.0000000e+00
   1.5010000e-01   9.5010000e-01   0.0000000e+00
   1.7510000e-01   9.5010000e-01   0.0000000e+00
   2.0010000e-01   9.5010000e-01   0.0000000e+00
   2.2510000e-01   9.5010000e-01   0.0000000e+00
   2.5010000e-01   9.5010000e-01   0.0000000e+00
   2.7510000e-01   9.5010000e-01   0.0000000e+00
   3.0010000e-01   9.5010000e-01   0.0000000e+00
   3.2510000e-01   9.5010000e-01   0.0000000e+00
   3.5010000e-01   9.5010000e-01   0.0000000e+00
   3.7510000e-01   9.5010000e-01   0.0000000e+00
   4.0010000e-01   9.5010000e-01   0.0000000e+00
   4.2510000e-01   9.5010000e-01   0.0000000e+00
   4.5010000e-01   9.5010000e-01   0.0000000e+00
   4.7510000e-01   9.5010000e-01   0.0000000e+00
   5.0010000e-01   9.5010000e-01   0.0000000e+00
   5.2510000e-01   9.5010000e-01   0.0000000e+00
   5.5010000e-01   9.5010000e-01   0.0000000e+00
   5.7510000e-01   9.5010000e-01   0.0000000e+00
   6.0010000e-01   9.5010000e-01   0.0000000e+00
   6.2510000e-01   9.5010000e-01   0.0000000e+00
   6.5010000e-01   9.5010000e-01   0.0000000e+00
   6.7510000e-01   9.5010000e-01   0.0000000e+00
   7.0010000e-01   9.5010000e-01   0.0000000e+00
   7.2510000e-01   9.5010000e-01   0.0000000e+00
   7.5010000e-01   9.5010000e-01   0.0000000e+00
   7.7510000e-01   9.5010000e-01   0.0000000e+00
   8.0010000e-01   9.5010000e-01   0.0000000e+00
   8.2510000e-01   9.5010000e-01   0.0000000e+00
   8.5010000e-01   9.5010000e-01   0.0000000e+00
   8.7510000e-01   9.5010000e-01   0.0000000e+00
   9.0010000e-01   9.5010000e-01   0.0000000e+00
   9.2510000e-01   9.5010000e-01   0.0000000e+00
   9.5010000e-01   9.5010000e-01   0.0000000e+00
   9.7510000e-01   9.5010000e-01   0.0000000e+00
   1.0001000e+00   9.5010000e-01   0.0000000e+00
   1.0000000e-04   9.7510000e-01   0.0000000e+00
   2.5100000e-02   9.7510000e-01   0.0000000e+00
   5.0100000e-02   9.7510000e-01   0.0000000e+00
   7.5100000e-02   9.7510000e-01   0.0000000e+00
   1.0010000e-01   9.7510000e-01   0.0000000e+00
   1.2510000e-01   9.7510000e-01   0.0000000e+00
   1.5010000e-01   9.7510000e-01   0.0000000e+00
   1.7510000e-01   9.7510000e-01   0.0000000e+00
   2.0010000e-01   9.7510000e-01   0.0000000e+00
   2.2510000e-01   9.7510000e-01   0.0000000e+00
   2.5010000e-01   9.7510000e-01   0.0000000e+00
   2.7510000e-01   9.7510000e-01   0.0000000e+00
   3.0010000e-01   9.7510000e-01   0.0000000e+00
   3.2510000e-01   9.7510000e-01   0.0000000e+00
   3.5010000e-01   9.7510000e-01   0.0000000e+00
   3.7510000e-01   9.7510000e-01   0.0000000e+00
   4.0010000e-01   9.7510000e-01   0.0000000e+00
   4.2510000e-01   9.7510000e-01   0.0000000e+00
   4.5010000e-01   9.7510000e-01   0.0000000e+00
   4.7510000e-01   9.7510000e-01   0.0000000e+00
   5.0010000e-01   9.7510000e-01   0.0000000e+00
   5.2510000e-01   9.7510000e-01   0.0000000e+00
   5.5010000e-01   9.7510000e-01   0.0000000e+00
   5.7510000e-01   9.7510000e-01   0.0000000e+00
   6.0010000e-01   9.7510000e-01   0.0000000e+00
   6.2510000e-01   9.7510000e-01   0.0000000e+00
   6.5010000e-01   9.7510000e-01   0.0000000e+00
   6.7510000e-01   9.7510000e-01   0.0000000e+00
   7.0010000e-01   9.7510000e-01   0.0000000e+00
   7.2510000e-01   9.7510000e-01   0.0000000e+00
   7.5010000e-01   9.7510000e-01   0.0000000e+00
   7.7510000e-01   9.7510000e-01   0.0000000e+00
   8.0010000e-01   9.7510000e-01   0.0000000e+00
   8.2510000e-01   9.7510000e-01   0.0000000e+00
   8.5010000e-01   9.7510000e-01   0.0000000e+00
   8.7510000e-01   9.7510000e-01   0.0000000e+00
   9.0010000e-01   9.7510000e-01   0.0000000e+00
   9.2510000e-01   9.7510000e-01   0.0000000e+00
   9.5010000e-01   9.7510000e-01   0.0000000e+00
   9.7510000e-01   9.7510000e-01   0.0000000e+00
   1.0001000e+00   9.7510000e-01   0.0000000e+00
   1.0000000e-04   1.0001000e+00   0.0000000e+00
   2.5100000e-02   1.0001000e+00   0.0000000e+00
   5.0100000e-02   1.0001000e+00   0.0000000e+00
   7.5100000e-02   1.0001000e+00   0.0000000e+00
   1.0010000e-01   1.0001000e+00   0.0000000e+00
   1.2510000e-01   1.0001000e+00   0.0000000e+00
   1.5010000e-01   1.0001000e+00   0.0000000e+00
   1.7510000e-01   1.0001000e+00   0.0000000e+00
   2.0010000e-01   1.0001000e+00   0.0000000e+00
   2.2510000e-01   1.0001000e+00   0.0000000e+00
   2.5010000e-01   1.0001000e+00   0.0000000e+00
   2.7510000e-01   1.0001000e+00   0.0000000e+00
   3.0010000e-01   1.0001000e+00   0.0000000e+00
   3.2510000e-01   1.0001000e+00   0.0000000e+00
   3.5010000e-01   1.0001000e+00   0.0000000e+00
   3.7510000e-01   1.0001000e+00   0.0000000e+00
   4.0010000e-01   1.0001000e+00   0.0000000e+00
   4.2510000e-01   1.0001000e+00   0.0000000e+00
   4.5010000e-01   1.0001000e+00   0.0000000e+00
   4.7510000e-01   1.0001000e+00   0.0000000e+00
   5.0010000e-01   1.0001000e+00   0.0000000e+00
   5.2510000e-01   1.0001000e+00   0.0000000e+00
   5.5010000e-01   1.0001000e+00   0.0000000e+00
   5.7510000e-01   1.0001000e+00   0.0000000e+00
   6.0010000e-01   1.0001000e+00   0.0000000e+00
   6.2510000e-01   1.0001000e+00   0.0000000e+00
   6.5010000e-01   1.0001000e+00   0.0000000e+00
   6.7510000e-01   1.0001000e+00   0.0000000e+00
   7.0010000e-01   1.0001000e+00   0.0000000e+00
   7.2510000e-01   1.0001000e+00   0.0000000e+00
   7.5010000e-01   1.0001000e+00   0.0000000e+00
   7.7510000e-01   1.0001000e+00   0.0000000e+00
   8.0010000e-01   1.0001000e+00   0.0000000e+00
   8.2510000e-01   1.0001000e+00   0.0000000e+00
   8.5010000e-01   1.0001000e+00   0.0000000e+00
   8.7510000e-01   1.0001000e+00   0.0000000e+00
   9.0010000e-01   1.0001000e+00   0.0000000e+00
   9.2510000e-01   1.0001000e+00   0.0000000e+00
   9.5010000e-01   1.0001000e+00   0.0000000e+00
   9.7510000e-01   1.0001000e+00   0.0000000e+00
   1.0001000e+00   1.0001000e+00   0.0000000e+00