   1.0000000e-04   1.0000000e-04   0.0000000e+00
   2.8671429e-02   1.0000000e-04   0.0000000e+00
   5.7242857e-02   1.0000000e-04   0.0000000e+00
   8.5814286e-02   1.0000000e-04   0.0000000e+00
   1.1438571e-01   1.0000000e-04   0.0000000e+00
   1.4295714e-01   1.0000000e-04   0.0000000e+00
   1.7152857e-01   1.0000000e-04   0.0000000e+00
   2.0010000e-01   1.0000000e-04   0.0000000e+00
   2.2867143e-01   1.0000000e-04   0.0000000e+00
   2.5724286e-01   1.0000000e-04   0.0000000e+00
   2.8581429e-01   1.0000000e-04   0.0000000e+00
   3.1438571e-01   1.0000000e-04   0.0000000e+00
   3.4295714e-01   1.0000000e-04   0.0000000e+00
   3.7152857e-01   1.0000000e-04   0.0000000e+00
   4.0010000e-01   1.0000000e-04   0.0000000e+00
   4.2867143e-01   1.0000000e-04   0.0000000e+00
   4.5724286e-01   1.0000000e-04   0.0000000e+00
   4.8581429e-01   1.0000000e-04   0.0000000e+00
   5.1438571e-01   1.0000000e-04   0.0000000e+00
   5.4295714e-01   1.0000000e-04   0.0000000e+00
   5.7152857e-01   1.0000000e-04   0.0000000e+00
   6.0010000e-01   1.0000000e-04   0.0000000e+00
   6.2867143e-01   1.0000000e-04   0.0000000e+00
   6.5724286e-01   1.0000000e-04   0.0000000e+00
   6.8581429e-01   1.0000000e-04   0.0000000e+00
   7.1438571e-01   1.0000000e-04   0.0000000e+00
   7.4295714e-01   1.0000000e-04   0.0000000e+00
   7.7152857e-01   1.0000000e-04   0.0000000e+00
   8.0010000e-01   1.0000000e-04   0.0000000e+00
   8.2867143e-01   1.0000000e-04   0.0000000e+00
   8.5724286e-01   1.0000000e-04   0.0000000e+00
   8.8581429e-01   1.0000000e-04   0.0000000e+00
   9.1438571e-01   1.0000000e-04   0.0000000e+00
   9.4295714e-01   1.0000000e-04   0.0000000e+00
   9.7152857e-01   1.0000000e-04   0.0000000e+00
   1.0001000e+00   1.0000000e-04   0.0000000e+00
   1.0000000e-04   2.8671429e-02   0.0000000e+00
   2.8671429e-02   2.8671429e-02   0.0000000e+00
   5.7242857e-02   2.8671429e-02   0.0000000e+00
   8.5814286e-02   2.8671429e-02   0.0000000e+00
   1.1438571e-01   2.8671429e-02   0.0000000e+00
   1.4295714e-01   2.8671429e-02   0.0000000e+00
   1.7152857e-01   2.8671429e-02   0.0000000e+00
   2.0010000e-01   2.8671429e-02   0.0000000e+00
   2.2867143e-01   2.8671429e-02   0.0000000e+00
   2.5724286e-01   2.8671429e-02   0.0000000e+00
   2.8581429e-01   2.8671429e-02   0.0000000e+00
   3.1438571e-01   2.8671429e-02   0.0000000e+00
   3.4295714e-01   2.8671429e-02   0.0000000e+00
   3.7152857e-01   2.8671429e-02   0.0000000e+00
   4.0010000e-01   2.8671429e-02   0.0000000e+00
   4.2867143e-01   2.8671429e-02   0.0000000e+00
   4.5724286e-01   2.8671429e-02   0.0000000e+00
   4.8581429e-01   2.8671429e-02   0.0000000e+00
   5.1438571e-01   2.8671429e-02   0.0000000e+00
   5.4295714e-01   2.8671429e-02   0.0000000e+00
   5.7152857e-01   2.8671429e-02   0.0000000e+00
   6.0010000e-01   2.8671429e-02   0.0000000e+00
   6.2867143e-01   2.8671429e-02   0.0000000e+00
   6.5724286e-01   2.8671429e-02   0.0000000e+00
   6.8581429e-01   2.8671429e-02   0.0000000e+00
   7.1438571e-01   2.8671429e-02   0.0000000e+00
   7.4295714e-01   2.8671429e-02   0.0000000e+00
   7.7152857e-01   2.8671429e-02   0.0000000e+00
   8.0010000e-01   2.8671429e-02   0.0000000e+00
   8.2867143e-01   2.8671429e-02   0.0000000e+00
   8.5724286e-01   2.8671429e-02   0.0000000e+00
   8.8581429e-01   2.8671429e-02   0.0000000e+00
   9.1438571e-01   2.8671429e-02   0.0000000e+00
   9.4295714e-01   2.8671429e-02   0.0000000e+00
   9.7152857e-01   2.8671429e-02   0.0000000e+00
   1.0001000e+00   2.8671429e-02   0.0000000e+00
   1.0000000e-04   5.7242857e-02   0.0000000e+00
   2.8671429e-02   5.7242857e-02   0.0000000e+00
   5.7242857e-02   5.7242857e-02   0.0000000e+00
   8.5814286e-02   5.7242857e-02   0.0000000e+00
   1.1438571e-01   5.7242857e-02   0.0000000e+00
   1.4295714e-01   5.7242857e-02   0.0000000e+00
   1.7152857e-01   5.7242857e-02   0.0000000e+00
   2.0010000e-01   5.7242857e-02   0.0000000e+00
   2.2867143e-01   5.7242857e-02   0.0000000e+00
   2.5724286e-01   5.7242857e-02   0.0000000e+00
   2.8581429e-01   5.7242857e-02   0.0000000e+00
   3.1438571e-01   5.7242857e-02   0.0000000e+00
   3.4295714e-01   5.7242857e-02   0.0000000e+00
   3.7152857e-01   5.7242857e-02   0.0000000e+00
   4.0010000e-01   5.7242857e-02   0.0000000e+00
   4.2867143e-01   5.7242857e-02   0.0000000e+00
   4.5724286e-01   5.7242857e-02   0.0000000e+00
   4.8581429e-01   5.7242857e-02   0.0000000e+00
   5.1438571e-01   5.7242857e-02   0.0000000e+00
   5.4295714e-01   5.7242857e-02   0.0000000e+00
   5.7152857e-01   5.7242857e-02   0.0000000e+00
   6.0010000e-01   5.7242857e-02   0.0000000e+00
   6.2867143e-01   5.7242857e-02   0.0000000e+00
   6.5724286e-01   5.7242857e-02   0.0000000e+00
   6.8581429e-01   5.7242857e-02   0.0000000e+00
   7.1438571e-01   5.7242857e-02   0.0000000e+00
   7.4295714e-01   5.7242857e-02   0.0000000e+00
   7.7152857e-01   5.7242857e-02   0.0000000e+00
   8.0010000e-01   5.7242857e-02   0.0000000e+00
   8.2867143e-01   5.7242857e-02   0.0000000e+00
   8.5724286e-01   5.7242857e-02   0.0000000e+00
   8.8581429e-01   5.7242857e-02   0.0000000e+00
   9.1438571e-01   5.7242857e-02   0.0000000e+00
   9.4295714e-01   5.7242857e-02   0.0000000e+00
   9.7152857e-01   5.7242857e-02   0.0000000e+00
   1.0001000e+00   5.7242857e-02   0.0000000e+00
   1.0000000e-04   8.5814286e-02   0.0000000e+00
   2.8671429e-02   8.5814286e-02   0.0000000e+00
   5.7242857e-02   8.5814286e-02   0.0000000e+00
   8.5814286e-02   8.5814286e-02   0.0000000e+00
   1.1438571e-01   8.5814286e-02   0.0000000e+00
   1.4295714e-01   8.5814286e-02   0.0000000e+00
   1.7152857e-01   8.5814286e-02   0.0000000e+00
   2.0010000e-01   8.5814286e-02   0.0000000e+00
   2.2867143e-01   8.5814286e-02   0.0000000e+00
   2.5724286e-01   8.5814286e-02   0.0000000e+00
   2.8581429e-01   8.5814286e-02   0.0000000e+00
   3.1438571e-01   8.5814286e-02   0.0000000e+00
   3.4295714e-01   8.5814286e-02   0.0000000e+00
   3.7152857e-01   8.5814286e-02   0.0000000e+00
   4.0010000e-01   8.5814286e-02   0.0000000e+00
   4.2867143e-01   8.5814286e-02   0.0000000e+00
   4.5724286e-01   8.5814286e-02   0.0000000e+00
   4.8581429e-01   8.5814286e-02   0.0000000e+00
   5.1438571e-01   8.5814286e-02   0.0000000e+00
   5.4295714e-01   8.5814286e-02   0.0000000e+00
   5.7152857e-01   8.5814286e-02   0.0000000e+00
   6.0010000e-01   8.5814286e-02   0.0000000e+00
   6.2867143e-01   8.5814286e-02   0.0000000e+00
   6.5724286e-01   8.5814286e-02   0.0000000e+00
   6.8581429e-01   8.5814286e-02   0.0000000e+00
   7.1438571e-01   8.5814286e-02   0.0000000e+00
   7.4295714e-01   8.5814286e-02   0.0000000e+00
   7.7152857e-01   8.5814286e-02   0.0000000e+00
   8.0010000e-01   8.5814286e-02   0.0000000e+00
   8.2867143e-01   8.5814286e-02   0.0000000e+00
   8.5724286e-01   8.5814286e-02   0.0000000e+00
   8.8581429e-01   8.5814286e-02   0.0000000e+00
   9.1438571e-01   8.5814286e-02   0.0000000e+00
   9.4295714e-01   8.5814286e-02   0.0000000e+00
   9.7152857e-01   8.5814286e-02   0.0000000e+00
   1.0001000e+00   8.5814286e-02   0.0000000e+00
   1.0000000e-04   1.1438571e-01   0.0000000e+00
   2.8671429e-02   1.1438571e-01   0.0000000e+00
   5.7242857e-02   1.1438571e-01   0.0000000e+00
   8.5814286e-02   1.1438571e-01   0.0000000e+00
   1.1438571e-01   1.1438571e-01   0.0000000e+00
   1.4295714e-01   1.1438571e-01   0.0000000e+00
   1.7152857e-01   1.1438571e-01   0.0000000e+00
   2.0010000e-01   1.1438571e-01   0.0000000e+00
   2.2867143e-01   1.1438571e-01   0.0000000e+00
   2.5724286e-01   1.1438571e-01   0.0000000e+00
   2.8581429e-01   1.1438571e-01   0.0000000e+00
   3.1438571e-01   1.1438571e-01   0.0000000e+00
   3.4295714e-01   1.1438571e-01   0.0000000e+00
   3.7152857e-01   1.1438571e-01   0.0000000e+00
   4.0010000e-01   1.1438571e-01   0.0000000e+00
   4.2867143e-01   1.1438571e-01   0.0000000e+00
   4.5724286e-01   1.1438571e-01   0.0000000e+00
   4.8581429e-01   1.1438571e-01   0.0000000e+00
   5.1438571e-01   1.1438571e-01   0.0000000e+00
   5.4295714e-01   1.1438571e-01   0.0000000e+00
   5.7152857e-01   1.1438571e-01   0.0000000e+00
   6.0010000e-01   1.1438571e-01   0.0000000e+00
   6.2867143e-01   1.1438571e-01   0.0000000e+00
   6.5724286e-01   1.1438571e-01   0.0000000e+00
   6.8581429e-01   1.1438571e-01   0.0000000e+00
   7.1438571e-01   1.1438571e-01   0.0000000e+00
   7.4295714e-01   1.1438571e-01   0.0000000e+00
   7.7152857e-01   1.1438571e-01   0.0000000e+00
   8.0010000e-01   1.1438571e-01   0.0000000e+00
   8.2867143e-01   1.1438571e-01   0.0000000e+00
   8.5724286e-01   1.1438571e-01   0.0000000e+00
   8.8581429e-01   1.1438571e-01   0.0000000e+00
   9.1438571e-01   1.1438571e-01   0.0000000e+00
   9.4295714e-01   1.1438571e-01   0.0000000e+00
   9.7152857e-01   1.1438571e-01   0.0000000e+00
   1.0001000e+00   1.1438571e-01   0.0000000e+00
   1.0000000e-04   1.4295714e-01   0.0000000e+00
   2.8671429e-02   1.4295714e-01   0.0000000e+00
   5.7242857e-02   1.4295714e-01   0.0000000e+00
   8.5814286e-02   1.4295714e-01   0.0000000e+00
   1.1438571e-01   1.4295714e-01   0.0000000e+00
   1.4295714e-01   1.4295714e-01   0.0000000e+00
   1.7152857e-01   1.4295714e-01   0.0000000e+00
   2.0010000e-01   1.4295714e-01   0.0000000e+00
   2.2867143e-01   1.4295714e-01   0.0000000e+00
   2.5724286e-01   1.4295714e-01   0.0000000e+00
   2.8581429e-01   1.4295714e-01   0.0000000e+00
   3.1438571e-01   1.4295714e-01   0.0000000e+00
   3.4295714e-01   1.4295714e-01   0.0000000e+00
   3.7152857e-01   1.4295714e-01   0.0000000e+00
   4.0010000e-01   1.4295714e-01   0.0000000e+00
   4.2867143e-01   1.4295714e-01   0.0000000e+00
   4.5724286e-01   1.4295714e-01   0.0000000e+00
   4.8581429e-01   1.4295714e-01   0.0000000e+00
   5.1438571e-01   1.4295714e-01   0.0000000e+00
   5.4295714e-01   1.4295714e-01   0.0000000e+00
   5.7152857e-01   1.4295714e-01   0.0000000e+00
   6.0010000e-01   1.4295714e-01   0.0000000e+00
   6.2867143e-01   1.4295714e-01   0.0000000e+00
   6.5724286e-01   1.4295714e-01   0.0000000e+00
   6.8581429e-01   1.4295714e-01   0.0000000e+00
   7.1438571e-01   1.4295714e-01   0.0000000e+00
   7.4295714e-01   1.4295714e-01   0.0000000e+00
   7.7152857e-01   1.4295714e-01   0.0000000e+00
   8.0010000e-01   1.4295714e-01   0.0000000e+00
   8.2867143e-01   1.4295714e-01   0.0000000e+00
   8.5724286e-01   1.4295714e-01   0.0000000e+00
   8.8581429e-01   1.4295714e-01   0.0000000e+00
   9.1438571e-01   1.4295714e-01   0.0000000e+00
   9.4295714e-01   1.4295714e-01   0.0000000e+00
   9.7152857e-01   1.4295714e-01   0.0000000e+00
   1.0001000e+00   1.4295714e-01   0.0000000e+00
   1.0000000e-04   1.7152857e-01   0.0000000e+00
   2.8671429e-02   1.7152857e-01   0.0000000e+00
   5.7242857e-02   1.7152857e-01   0.0000000e+00
   8.5814286e-02   1.7152857e-01   0.0000000e+00
   1.1438571e-01   1.7152857e-01   0.0000000e+00
   1.4295714e-01   1.7152857e-01   0.0000000e+00
   1.7152857e-01   1.7152857e-01   0.0000000e+00
   2.0010000e-01   1.7152857e-01   0.0000000e+00
   2.2867143e-01   1.7152857e-01   0.0000000e+00
   2.5724286e-01   1.7152857e-01   0.0000000e+00
   2.8581429e-01   1.7152857e-01   0.0000000e+00
   3.1438571e-01   1.7152857e-01   0.0000000e+00
   3.4295714e-01   1.7152857e-01   0.0000000e+00
   3.7152857e-01   1.7152857e-01   0.0000000e+00
   4.0010000e-01   1.7152857e-01   0.0000000e+00
   4.2867143e-01   1.7152857e-01   0.0000000e+00
   4.5724286e-01   1.7152857e-01   0.0000000e+00
   4.8581429e-01   1.7152857e-01   0.0000000e+00
   5.1438571e-01   1.7152857e-01   0.0000000e+00
   5.4295714e-01   1.7152857e-01   0.0000000e+00
   5.7152857e-01   1.7152857e-01   0.0000000e+00
   6.0010000e-01   1.7152857e-01   0.0000000e+00
   6.2867143e-01   1.7152857e-01   0.0000000e+00
   6.5724286e-01   1.7152857e-01   0.0000000e+00
   6.8581429e-01   1.7152857e-01   0.0000000e+00
   7.1438571e-01   1.7152857e-01   0.0000000e+00
   7.4295714e-01   1.7152857e-01   0.0000000e+00
   7.7152857e-01   1.7152857e-01   0.0000000e+00
   8.0010000e-01   1.7152857e-01   0.0000000e+00
   8.2867143e-01   1.7152857e-01   0.0000000e+00
   8.5724286e-01   1.7152857e-01   0.0000000e+00
   8.8581429e-01   1.7152857e-01   0.0000000e+00
   9.1438571e-01   1.7152857e-01   0.0000000e+00
   9.4295714e-01   1.7152857e-01   0.0000000e+00
   9.7152857e-01   1.7152857e-01   0.0000000e+00
   1.0001000e+00   1.7152857e-01   0.0000000e+00
   1.0000000e-04   2.0010000e-01   0.0000000e+00
   2.8671429e-02   2.0010000e-01   0.0000000e+00
   5.7242857e-02   2.0010000e-01   0.0000000e+00
   8.5814286e-02   2.0010000e-01   0.0000000e+00
   1.1438571e-01   2.0010000e-01   0.0000000e+00
   1.4295714e-01   2.0010000e-01   0.0000000e+00
   1.7152857e-01   2.0010000e-01   0.0000000e+00
   2.0010000e-01   2.0010000e-01   0.0000000e+00
   2.2867143e-01   2.0010000e-01   0.0000000e+00
   2.5724286e-01   2.0010000e-01   0.0000000e+00
   2.8581429e-01   2.0010000e-01   0.0000000e+00
   3.1438571e-01   2.0010000e-01   0.0000000e+00
   3.4295714e-01   2.0010000e-01   0.0000000e+00
   3.7152857e-01   2.0010000e-01   0.0000000e+00
   4.0010000e-01   2.0010000e-01   0.0000000e+00
   4.2867143e-01   2.0010000e-01   0.0000000e+00
   4.5724286e-01   2.0010000e-01   0.0000000e+00
   4.8581429e-01   2.0010000e-01   0.0000000e+00
   5.1438571e-01   2.0010000e-01   0.0000000e+00
   5.4295714e-01   2.0010000e-01   0.0000000e+00
   5.7152857e-01   2.0010000e-01   0.0000000e+00
   6.0010000e-01   2.0010000e-01   0.0000000e+00
   6.2867143e-01   2.0010000e-01   0.0000000e+00
   6.5724286e-01   2.0010000e-01   0.0000000e+00
   6.8581429e-01   2.0010000e-01   0.0000000e+00
   7.1438571e-01   2.0010000e-01   0.0000000e+00
   7.4295714e-01   2.0010000e-01   0.0000000e+00
   7.7152857e-01   2.0010000e-01   0.0000000e+00
   8.0010000e-01   2.0010000e-01   0.0000000e+00
   8.2867143e-01   2.0010000e-01   0.0000000e+00
   8.5724286e-01   2.0010000e-01   0.0000000e+00
   8.8581429e-01   2.0010000e-01   0.0000000e+00
   9.1438571e-01   2.0010000e-01   0.0000000e+00
   9.4295714e-01   2.0010000e-01   0.0000000e+00
   9.7152857e-01   2.0010000e-01   0.0000000e+00
   1.0001000e+00   2.0010000e-01   0.0000000e+00
   1.0000000e-04   2.2867143e-01   0.0000000e+00
   2.8671429e-02   2.2867143e-01   0.0000000e+00
   5.7242857e-02   2.2867143e-01   0.0000000e+00
   8.5814286e-02   2.2867143e-01   0.0000000e+00
   1.1438571e-01   2.2867143e-01   0.0000000e+00
   1.4295714e-01   2.2867143e-01   0.0000000e+00
   1.7152857e-01   2.2867143e-01   0.0000000e+00
   2.0010000e-01   2.2867143e-01   0.0000000e+00
   2.2867143e-01   2.2867143e-01   0.0000000e+00
   2.5724286e-01   2.2867143e-01   0.0000000e+00
   2.8581429e-01   2.2867143e-01   0.0000000e+00
   3.1438571e-01   2.2867143e-01   0.0000000e+00
   3.4295714e-01   2.2867143e-01   0.0000000e+00
   3.7152857e-01   2.2867143e-01   0.0000000e+00
   4.0010000e-01   2.2867143e-01   0.0000000e+00
   4.2867143e-01   2.2867143e-01   0.0000000e+00
   4.5724286e-01   2.2867143e-01   0.0000000e+00
   4.8581429e-01   2.2867143e-01   0.0000000e+00
   5.1438571e-01   2.2867143e-01   0.0000000e+00
   5.4295714e-01   2.2867143e-01   0.0000000e+00
   5.7152857e-01   2.2867143e-01   0.0000000e+00
   6.0010000e-01   2.2867143e-01   0.0000000e+00
   6.2867143e-01   2.2867143e-01   0.0000000e+00
   6.5724286e-01   2.2867143e-01   0.0000000e+00
   6.8581429e-01   2.2867143e-01   0.0000000e+00
   7.1438571e-01   2.2867143e-01   0.0000000e+00
   7.4295714e-01   2.2867143e-01   0.0000000e+00
   7.7152857e-01   2.2867143e-01   0.0000000e+00
   8.0010000e-01   2.2867143e-01   0.0000000e+00
   8.2867143e-01   2.2867143e-01   0.0000000e+00
   8.5724286e-01   2.2867143e-01   0.0000000e+00
   8.8581429e-01   2.2867143e-01   0.0000000e+00
   9.1438571e-01   2.2867143e-01   0.0000000e+00
   9.4295714e-01   2.2867143e-01   0.0000000e+00
   9.7152857e-01   2.2867143e-01   0.0000000e+00
   1.0001000e+00   2.2867143e-01   0.0000000e+00
   1.0000000e-04   2.5724286e-01   0.0000000e+00
   2.8671429e-02   2.5724286e-01   0.0000000e+00
   5.7242857e-02   2.5724286e-01   0.0000000e+00
   8.5814286e-02   2.5724286e-01   0.0000000e+00
   1.1438571e-01   2.5724286e-01   0.0000000e+00
   1.4295714e-01   2.5724286e-01   0.0000000e+00
   1.7152857e-01   2.5724286e-01   0.0000000e+00
   2.0010000e-01   2.5724286e-01   0.0000000e+00
   2.2867143e-01   2.5724286e-01   0.0000000e+00
   2.5724286e-01   2.5724286e-01   0.0000000e+00
   2.8581429e-01   2.5724286e-01   0.0000000e+00
   3.1438571e-01   2.5724286e-01   0.0000000e+00
   3.4295714e-01   2.5724286e-01   0.0000000e+00
   3.7152857e-01   2.5724286e-01   0.0000000e+00
   4.0010000e-01   2.5724286e-01   0.0000000e+00
   4.2867143e-01   2.5724286e-01   0.0000000e+00
   4.5724286e-01   2.5724286e-01   0.0000000e+00
   4.8581429e-01   2.5724286e-01   0.0000000e+00
   5.1438571e-01   2.5724286e-01   0.0000000e+00
   5.4295714e-01   2.5724286e-01   0.0000000e+00
   5.7152857e-01   2.5724286e-01   0.0000000e+00
   6.0010000e-01   2.5724286e-01   0.0000000e+00
   6.2867143e-01   2.5724286e-01   0.0000000e+00
   6.5724286e-01   2.5724286e-01   0.0000000e+00
   6.8581429e-01   2.5724286e-01   0.0000000e+00
   7.1438571e-01   2.5724286e-01   0.0000000e+00
   7.4295714e-01   2.5724286e-01   0.0000000e+00
   7.7152857e-01   2.5724286e-01   0.0000000e+00
   8.0010000e-01   2.5724286e-01   0.0000000e+00
   8.2867143e-01   2.5724286e-01   0.0000000e+00
   8.5724286e-01   2.5724286e-01   0.0000000e+00
   8.8581429e-01   2.5724286e-01   0.0000000e+00
   9.1438571e-01   2.5724286e-01   0.0000000e+00
   9.4295714e-01   2.5724286e-01   0.0000000e+00
   9.7152857e-01   2.5724286e-01   0.0000000e+00
   1.0001000e+00   2.5724286e-01   0.0000000e+00
   1.0000000e-04   2.8581429e-01   0.0000000e+00
   2.8671429e-02   2.8581429e-01   0.0000000e+00
   5.7242857e-02   2.8581429e-01   0.0000000e+00
   8.5814286e-02   2.8581429e-01   0.0000000e+00
   1.1438571e-01   2.8581429e-01   0.0000000e+00
   1.4295714e-01   2.8581429e-01   0.0000000e+00
   1.7152857e-01   2.8581429e-01   0.0000000e+00
   2.0010000e-01   2.8581429e-01   0.0000000e+00
   2.2867143e-01   2.8581429e-01   0.0000000e+00
   2.5724286e-01   2.8581429e-01   0.0000000e+00
   2.8581429e-01   2.8581429e-01   0.0000000e+00
   3.1438571e-01   2.8581429e-01   0.0000000e+00
   3.4295714e-01   2.8581429e-01   0.0000000e+00
   3.7152857e-01   2.8581429e-01   0.0000000e+00
   4.0010000e-01   2.8581429e-01   0.0000000e+00
   4.2867143e-01   2.8581429e-01   0.0000000e+00
   4.5724286e-01   2.8581429e-01   0.0000000e+00
   4.8581429e-01   2.8581429e-01   0.0000000e+00
   5.1438571e-01   2.8581429e-01   0.0000000e+00
   5.4295714e-01   2.8581429e-01   0.0000000e+00
   5.7152857e-01   2.8581429e-01   0.0000000e+00
   6.0010000e-01   2.8581429e-01   0.0000000e+00
   6.2867143e-01   2.8581429e-01   0.0000000e+00
   6.5724286e-01   2.8581429e-01   0.0000000e+00
   6.8581429e-01   2.8581429e-01   0.0000000e+00
   7.1438571e-01   2.8581429e-01   0.0000000e+00
   7.4295714e-01   2.8581429e-01   0.0000000e+00
   7.7152857e-01   2.8581429e-01   0.0000000e+00
   8.0010000e-01   2.8581429e-01   0.0000000e+00
   8.2867143e-01   2.8581429e-01   0.0000000e+00
   8.5724286e-01   2.8581429e-01   0.0000000e+00
   8.8581429e-01   2.8581429e-01   0.0000000e+00
   9.1438571e-01   2.8581429e-01   0.0000000e+00
   9.4295714e-01   2.8581429e-01   0.0000000e+00
   9.7152857e-01   2.8581429e-01   0.0000000e+00
   1.0001000e+00   2.8581429e-01   0.0000000e+00
   1.0000000e-04   3.1438571e-01   0.0000000e+00
   2.8671429e-02   3.1438571e-01   0.0000000e+00
   5.7242857e-02   3.1438571e-01   0.0000000e+00
   8.5814286e-02   3.1438571e-01   0.0000000e+00
   1.1438571e-01   3.1438571e-01   0.0000000e+00
   1.4295714e-01   3.1438571e-01   0.0000000e+00
   1.7152857e-01   3.1438571e-01   0.0000000e+00
   2.0010000e-01   3.1438571e-01   0.0000000e+00
   2.2867143e-01   3.1438571e-01   0.0000000e+00
   2.5724286e-01   3.1438571e-01   0.0000000e+00
   2.8581429e-01   3.1438571e-01   0.0000000e+00
   3.1438571e-01   3.1438571e-01   0.0000000e+00
   3.4295714e-01   3.1438571e-01   0.0000000e+00
   3.7152857e-01   3.1438571e-01   0.0000000e+00
   4.0010000e-01   3.1438571e-01   0.0000000e+00
   4.2867143e-01   3.1438571e-01   0.0000000e+00
   4.5724286e-01   3.1438571e-01   0.0000000e+00
   4.8581429e-01   3.1438571e-01   0.0000000e+00
   5.1438571e-01   3.1438571e-01   0.0000000e+00
   5.4295714e-01   3.1438571e-01   0.0000000e+00
   5.7152857e-01   3.1438571e-01   0.0000000e+00
   6.0010000e-01   3.1438571e-01   0.0000000e+00
   6.2867143e-01   3.1438571e-01   0.0000000e+00
   6.5724286e-01   3.1438571e-01   0.0000000e+00
   6.8581429e-01   3.1438571e-01   0.0000000e+00
   7.1438571e-01   3.1438571e-01   0.0000000e+00
   7.4295714e-01   3.1438571e-01   0.0000000e+00
   7.7152857e-01   3.1438571e-01   0.0000000e+00
   8.0010000e-01   3.1438571e-01   0.0000000e+00
   8.2867143e-01   3.1438571e-01   0.0000000e+00
   8.5724286e-01   3.1438571e-01   0.0000000e+00
   8.8581429e-01   3.1438571e-01   0.0000000e+00
   9.1438571e-01   3.1438571e-01   0.0000000e+00
   9.4295714e-01   3.1438571e-01   0.0000000e+00
   9.7152857e-01   3.1438571e-01   0.0000000e+00
   1.0001000e+00   3.1438571e-01   0.0000000e+00
   1.0000000e-04   3.4295714e-01   0.0000000e+00
   2.8671429e-02   3.4295714e-01   0.0000000e+00
   5.7242857e-02   3.4295714e-01   0.0000000e+00
   8.5814286e-02   3.4295714e-01   0.0000000e+00
   1.1438571e-01   3.4295714e-01   0.0000000e+00
   1.4295714e-01   3.4295714e-01   0.0000000e+00
   1.7152857e-01   3.4295714e-01   0.0000000e+00
   2.0010000e-01   3.4295714e-01   0.0000000e+00
   2.2867143e-01   3.4295714e-01   0.0000000e+00
   2.5724286e-01   3.4295714e-01   0.0000000e+00
   2.8581429e-01   3.4295714e-01   0.0000000e+00
   3.1438571e-01   3.4295714e-01   0.0000000e+00
   3.4295714e-01   3.4295714e-01   0.0000000e+00
   3.7152857e-01   3.4295714e-01   0.0000000e+00
   4.0010000e-01   3.4295714e-01   0.0000000e+00
   4.2867143e-01   3.4295714e-01   0.0000000e+00
   4.5724286e-01   3.4295714e-01   0.0000000e+00
   4.8581429e-01   3.4295714e-01   0.0000000e+00
   5.1438571e-01   3.4295714e-01   0.0000000e+00
   5.4295714e-01   3.4295714e-01   0.0000000e+00
   5.7152857e-01   3.4295714e-01   0.0000000e+00
   6.0010000e-01   3.4295714e-01   0.0000000e+00
   6.2867143e-01   3.4295714e-01   0.0000000e+00
   6.5724286e-01   3.4295714e-01   0.0000000e+00
   6.8581429e-01   3.4295714e-01   0.0000000e+00
   7.1438571e-01   3.4295714e-01   0.0000000e+00
   7.4295714e-01   3.4295714e-01   0.0000000e+00
   7.7152857e-01   3.4295714e-01   0.0000000e+00
   8.0010000e-01   3.4295714e-01   0.0000000e+00
   8.2867143e-01   3.4295714e-01   0.0000000e+00
   8.5724286e-01   3.4295714e-01   0.0000000e+00
   8.8581429e-01   3.4295714e-01   0.0000000e+00
   9.1438571e-01   3.4295714e-01   0.0000000e+00
   9.4295714e-01   3.4295714e-01   0.0000000e+00
   9.7152857e-01   3.4295714e-01   0.0000000e+00
   1.0001000e+00   3.4295714e-01   0.0000000e+00
   1.0000000e-04   3.7152857e-01   0.0000000e+00
   2.8671429e-02   3.7152857e-01   0.0000000e+00
   5.7242857e-02   3.7152857e-01   0.0000000e+00
   8.5814286e-02   3.7152857e-01   0.0000000e+00
   1.1438571e-01   3.7152857e-01   0.0000000e+00
   1.4295714e-01   3.7152857e-01   0.0000000e+00
   1.7152857e-01   3.7152857e-01   0.0000000e+00
   2.0010000e-01   3.7152857e-01   0.0000000e+00
   2.2867143e-01   3.7152857e-01   0.0000000e+00
   2.5724286e-01   3.7152857e-01   0.0000000e+00
   2.8581429e-01   3.7152857e-01   0.0000000e+00
   3.1438571e-01   3.7152857e-01   0.0000000e+00
   3.4295714e-01   3.7152857e-01   0.0000000e+00
   3.7152857e-01   3.7152857e-01   0.0000000e+00
   4.0010000e-01   3.7152857e-01   0.0000000e+00
   4.2867143e-01   3.7152857e-01   0.0000000e+00
   4.5724286e-01   3.7152857e-01   0.0000000e+00
   4.8581429e-01   3.7152857e-01   0.0000000e+00
   5.1438571e-01   3.7152857e-01   0.0000000e+00
   5.4295714e-01   3.7152857e-01   0.0000000e+00
   5.7152857e-01   3.7152857e-01   0.0000000e+00
   6.0010000e-01   3.7152857e-01   0.0000000e+00
   6.2867143e-01   3.7152857e-01   0.0000000e+00
   6.5724286e-01   3.7152857e-01   0.0000000e+00
   6.8581429e-01   3.7152857e-01   0.0000000e+00
   7.1438571e-01   3.7152857e-01   0.0000000e+00
   7.4295714e-01   3.7152857e-01   0.0000000e+00
   7.7152857e-01   3.7152857e-01   0.0000000e+00
   8.0010000e-01   3.7152857e-01   0.0000000e+00
   8.2867143e-01   3.7152857e-01   0.0000000e+00
   8.5724286e-01   3.7152857e-01   0.0000000e+00
   8.8581429e-01   3.7152857e-01   0.0000000e+00
   9.1438571e-01   3.7152857e-01   0.0000000e+00
   9.4295714e-01   3.7152857e-01   0.0000000e+00
   9.7152857e-01   3.7152857e-01   0.0000000e+00
   1.0001000e+00   3.7152857e-01   0.0000000e+00
   1.0000000e-04   4.0010000e-01   0.0000000e+00
   2.8671429e-02   4.0010000e-01   0.0000000e+00
   5.7242857e-02   4.0010000e-01   0.0000000e+00
   8.5814286e-02   4.0010000e-01   0.0000000e+00
   1.1438571e-01   4.0010000e-01   0.0000000e+00
   1.4295714e-01   4.0010000e-01   0.0000000e+00
   1.7152857e-01   4.0010000e-01   0.0000000e+00
   2.0010000e-01   4.0010000e-01   0.0000000e+00
   2.2867143e-01   4.0010000e-01   0.0000000e+00
   2.5724286e-01   4.0010000e-01   0.0000000e+00
   2.8581429e-01   4.0010000e-01   0.0000000e+00
   3.1438571e-01   4.0010000e-01   0.0000000e+00
   3.4295714e-01   4.0010000e-01   0.0000000e+00
   3.7152857e-01   4.0010000e-01   0.0000000e+00
   4.0010000e-01   4.0010000e-01   0.0000000e+00
   4.2867143e-01   4.0010000e-01   0.0000000e+00
   4.5724286e-01   4.0010000e-01   0.0000000e+00
   4.8581429e-01   4.0010000e-01   0.0000000e+00
   5.1438571e-01   4.0010000e-01   0.0000000e+00
   5.4295714e-01   4.0010000e-01   0.0000000e+00
   5.7152857e-01   4.0010000e-01   0.0000000e+00
   6.0010000e-01   4.0010000e-01   0.0000000e+00
   6.2867143e-01   4.0010000e-01   0.0000000e+00
   6.5724286e-01   4.0010000e-01   0.0000000e+00
   6.8581429e-01   4.0010000e-01   0.0000000e+00
   7.1438571e-01   4.0010000e-01   0.0000000e+00
   7.4295714e-01   4.0010000e-01   0.0000000e+00
   7.7152857e-01   4.0010000e-01   0.0000000e+00
   8.0010000e-01   4.0010000e-01   0.0000000e+00
   8.2867143e-01   4.0010000e-01   0.0000000e+00
   8.5724286e-01   4.0010000e-01   0.0000000e+00
   8.8581429e-01   4.0010000e-01   0.0000000e+00
   9.1438571e-01   4.0010000e-01   0.0000000e+00
   9.4295714e-01   4.0010000e-01   0.0000000e+00
   9.7152857e-01   4.0010000e-01   0.0000000e+00
   1.0001000e+00   4.0010000e-01   0.0000000e+00
   1.0000000e-04   4.2867143e-01   0.0000000e+00
   2.8671429e-02   4.2867143e-01   0.0000000e+00
   5.7242857e-02   4.2867143e-01   0.0000000e+00
   8.5814286e-02   4.2867143e-01   0.0000000e+00
   1.1438571e-01   4.2867143e-01   0.0000000e+00
   1.4295714e-01   4.2867143e-01   0.0000000e+00
   1.7152857e-01   4.2867143e-01   0.0000000e+00
   2.0010000e-01   4.2867143e-01   0.0000000e+00
   2.2867143e-01   4.2867143e-01   0.0000000e+00
   2.5724286e-01   4.2867143e-01   0.0000000e+00
   2.8581429e-01   4.2867143e-01   0.0000000e+00
   3.1438571e-01   4.2867143e-01   0.0000000e+00
   3.4295714e-01   4.2867143e-01   0.0000000e+00
   3.7152857e-01   4.2867143e-01   0.0000000e+00
   4.0010000e-01   4.2867143e-01   0.0000000e+00
   4.2867143e-01   4.2867143e-01   0.0000000e+00
   4.5724286e-01   4.2867143e-01   0.0000000e+00
   4.8581429e-01   4.2867143e-01   0.0000000e+00
   5.1438571e-01   4.2867143e-01   0.0000000e+00
   5.4295714e-01   4.2867143e-01   0.0000000e+00
   5.7152857e-01   4.2867143e-01   0.0000000e+00
   6.0010000e-01   4.2867143e-01   0.0000000e+00
   6.2867143e-01   4.2867143e-01   0.0000000e+00
   6.5724286e-01   4.2867143e-01   0.0000000e+00
   6.8581429e-01   4.2867143e-01   0.0000000e+00
   7.1438571e-01   4.2867143e-01   0.0000000e+00
   7.4295714e-01   4.2867143e-01   0.0000000e+00
   7.7152857e-01   4.2867143e-01   0.0000000e+00
   8.0010000e-01   4.2867143e-01   0.0000000e+00
   8.2867143e-01   4.2867143e-01   0.0000000e+00
   8.5724286e-01   4.2867143e-01   0.0000000e+00
   8.8581429e-01   4.2867143e-01   0.0000000e+00
   9.1438571e-01   4.2867143e-01   0.0000000e+00
   9.4295714e-01   4.2867143e-01   0.0000000e+00
   9.7152857e-01   4.2867143e-01   0.0000000e+00
   1.0001000e+00   4.2867143e-01   0.0000000e+00
   1.0000000e-04   4.5724286e-01   0.0000000e+00
   2.8671429e-02   4.5724286e-01   0.0000000e+00
   5.7242857e-02   4.5724286e-01   0.0000000e+00
   8.5814286e-02   4.5724286e-01   0.0000000e+00
   1.1438571e-01   4.5724286e-01   0.0000000e+00
   1.4295714e-01   4.5724286e-01   0.0000000e+00
   1.7152857e-01   4.5724286e-01   0.0000000e+00
   2.0010000e-01   4.5724286e-01   0.0000000e+00
   2.2867143e-01   4.5724286e-01   0.0000000e+00
   2.5724286e-01   4.5724286e-01   0.0000000e+00
   2.8581429e-01   4.5724286e-01   0.0000000e+00
   3.1438571e-01   4.5724286e-01   0.0000000e+00
   3.4295714e-01   4.5724286e-01   0.0000000e+00
   3.7152857e-01   4.5724286e-01   0.0000000e+00
   4.0010000e-01   4.5724286e-01   0.0000000e+00
   4.2867143e-01   4.5724286e-01   0.0000000e+00
   4.5724286e-01   4.5724286e-01   0.0000000e+00
   4.8581429e-01   4.5724286e-01   0.0000000e+00
   5.1438571e-01   4.5724286e-01   0.0000000e+00
   5.4295714e-01   4.5724286e-01   0.0000000e+00
   5.7152857e-01   4.5724286e-01   0.0000000e+00
   6.0010000e-01   4.5724286e-01   0.0000000e+00
   6.2867143e-01   4.5724286e-01   0.0000000e+00
   6.5724286e-01   4.5724286e-01   0.0000000e+00
   6.8581429e-01   4.5724286e-01   0.0000000e+00
   7.1438571e-01   4.5724286e-01   0.0000000e+00
   7.4295714e-01   4.5724286e-01   0.0000000e+00
   7.7152857e-01   4.5724286e-01   0.0000000e+00
   8.0010000e-01   4.5724286e-01   0.0000000e+00
   8.2867143e-01   4.5724286e-01   0.0000000e+00
   8.5724286e-01   4.5724286e-01   0.0000000e+00
   8.8581429e-01   4.5724286e-01   0.0000000e+00
   9.1438571e-01   4.5724286e-01   0.0000000e+00
   9.4295714e-01   4.5724286e-01   0.0000000e+00
   9.7152857e-01   4.5724286e-01   0.0000000e+00
   1.0001000e+00   4.5724286e-01   0.0000000e+00
   1.0000000e-04   4.8581429e-01   0.0000000e+00
   2.8671429e-02   4.8581429e-01   0.0000000e+00
   5.7242857e-02   4.8581429e-01   0.0000000e+00
   8.5814286e-02   4.8581429e-01   0.0000000e+00
   1.1438571e-01   4.8581429e-01   0.0000000e+00
   1.4295714e-01   4.8581429e-01   0.0000000e+00
   1.7152857e-01   4.8581429e-01   0.0000000e+00
   2.0010000e-01   4.8581429e-01   0.0000000e+00
   2.2867143e-01   4.8581429e-01   0.0000000e+00
   2.5724286e-01   4.8581429e-01   0.0000000e+00
   2.8581429e-01   4.8581429e-01   0.0000000e+00
   3.1438571e-01   4.8581429e-01   0.0000000e+00
   3.4295714e-01   4.8581429e-01   0.0000000e+00
   3.7152857e-01   4.8581429e-01   0.0000000e+00
   4.0010000e-01   4.8581429e-01   0.0000000e+00
   4.2867143e-01   4.8581429e-01   0.0000000e+00
   4.5724286e-01   4.8581429e-01   0.0000000e+00
   4.8581429e-01   4.8581429e-01   0.0000000e+00
   5.1438571e-01   4.8581429e-01   0.0000000e+00
   5.4295714e-01   4.8581429e-01   0.0000000e+00
   5.7152857e-01   4.8581429e-01   0.0000000e+00
   6.0010000e-01   4.8581429e-01   0.0000000e+00
   6.2867143e-01   4.8581429e-01   0.0000000e+00
   6.5724286e-01   4.8581429e-01   0.0000000e+00
   6.8581429e-01   4.8581429e-01   0.0000000e+00
   7.1438571e-01   4.8581429e-01   0.0000000e+00
   7.4295714e-01   4.8581429e-01   0.0000000e+00
   7.7152857e-01   4.8581429e-01   0.0000000e+00
   8.0010000e-01   4.8581429e-01   0.0000000e+00
   8.2867143e-01   4.8581429e-01   0.0000000e+00
   8.5724286e-01   4.8581429e-01   0.0000000e+00
   8.8581429e-01   4.8581429e-01   0.0000000e+00
   9.1438571e-01   4.8581429e-01   0.0000000e+00
   9.4295714e-01   4.8581429e-01   0.0000000e+00
   9.7152857e-01   4.8581429e-01   0.0000000e+00
   1.0001000e+00   4.8581429e-01   0.0000000e+00
   1.0000000e-04   5.1438571e-01   0.0000000e+00
   2.8671429e-02   5.1438571e-01   0.0000000e+00
   5.7242857e-02   5.1438571e-01   0.0000000e+00
   8.5814286e-02   5.1438571e-01   0.0000000e+00
   1.1438571e-01   5.1438571e-01   0.0000000e+00
   1.4295714e-01   5.1438571e-01   0.0000000e+00
   1.7152857e-01   5.1438571e-01   0.0000000e+00
   2.0010000e-01   5.1438571e-01   0.0000000e+00
   2.2867143e-01   5.1438571e-01   0.0000000e+00
   2.5724286e-01   5.1438571e-01   0.0000000e+00
   2.8581429e-01   5.1438571e-01   0.0000000e+00
   3.1438571e-01   5.1438571e-01   0.0000000e+00
   3.4295714e-01   5.1438571e-01   0.0000000e+00
   3.7152857e-01   5.1438571e-01   0.0000000e+00
   4.0010000e-01   5.1438571e-01   0.0000000e+00
   4.2867143e-01   5.1438571e-01   0.0000000e+00
   4.5724286e-01   5.1438571e-01   0.0000000e+00
   4.8581429e-01   5.1438571e-01   0.0000000e+00
   5.1438571e-01   5.1438571e-01   0.0000000e+00
   5.4295714e-01   5.1438571e-01   0.0000000e+00
   5.7152857e-01   5.1438571e-01   0.0000000e+00
   6.0010000e-01   5.1438571e-01   0.0000000e+00
   6.2867143e-01   5.1438571e-01   0.0000000e+00
   6.5724286e-01   5.1438571e-01   0.0000000e+00
   6.8581429e-01   5.1438571e-01   0.0000000e+00
   7.1438571e-01   5.1438571e-01   0.0000000e+00
   7.4295714e-01   5.1438571e-01   0.0000000e+00
   7.7152857e-01   5.1438571e-01   0.0000000e+00
   8.0010000e-01   5.1438571e-01   0.0000000e+00
   8.2867143e-01   5.1438571e-01   0.0000000e+00
   8.5724286e-01   5.1438571e-01   0.0000000e+00
   8.8581429e-01   5.1438571e-01   0.0000000e+00
   9.1438571e-01   5.1438571e-01   0.0000000e+00
   9.4295714e-01   5.1438571e-01   0.0000000e+00
   9.7152857e-01   5.1438571e-01   0.0000000e+00
   1.0001000e+00   5.1438571e-01   0.0000000e+00
   1.0000000e-04   5.4295714e-01   0.0000000e+00
   2.8671429e-02   5.4295714e-01   0.0000000e+00
   5.7242857e-02   5.4295714e-01   0.0000000e+00
   8.5814286e-02   5.4295714e-01   0.0000000e+00
   1.1438571e-01   5.4295714e-01   0.0000000e+00
   1.4295714e-01   5.4295714e-01   0.0000000e+00
   1.7152857e-01   5.4295714e-01   0.0000000e+00
   2.0010000e-01   5.4295714e-01   0.0000000e+00
   2.2867143e-01   5.4295714e-01   0.0000000e+00
   2.5724286e-01   5.4295714e-01   0.0000000e+00
   2.8581429e-01   5.4295714e-01   0.0000000e+00
   3.1438571e-01   5.4295714e-01   0.0000000e+00
   3.4295714e-01   5.4295714e-01   0.0000000e+00
   3.7152857e-01   5.4295714e-01   0.0000000e+00
   4.0010000e-01   5.4295714e-01   0.0000000e+00
   4.2867143e-01   5.4295714e-01   0.0000000e+00
   4.5724286e-01   5.4295714e-01   0.0000000e+00
   4.8581429e-01   5.4295714e-01   0.0000000e+00
   5.1438571e-01   5.4295714e-01   0.0000000e+00
   5.4295714e-01   5.4295714e-01   0.0000000e+00
   5.7152857e-01   5.4295714e-01   0.0000000e+00
   6.0010000e-01   5.4295714e-01   0.0000000e+00
   6.2867143e-01   5.4295714e-01   0.0000000e+00
   6.5724286e-01   5.4295714e-01   0.0000000e+00
   6.8581429e-01   5.4295714e-01   0.0000000e+00
   7.1438571e-01   5.4295714e-01   0.0000000e+00
   7.4295714e-01   5.4295714e-01   0.0000000e+00
   7.7152857e-01   5.4295714e-01   0.0000000e+00
   8.0010000e-01   5.4295714e-01   0.0000000e+00
   8.2867143e-01   5.4295714e-01   0.0000000e+00
   8.5724286e-01   5.4295714e-01   0.0000000e+00
   8.8581429e-01   5.4295714e-01   0.0000000e+00
   9.1438571e-01   5.4295714e-01   0.0000000e+00
   9.4295714e-01   5.4295714e-01   0.0000000e+00
   9.7152857e-01   5.4295714e-01   0.0000000e+00
   1.0001000e+00   5.4295714e-01   0.0000000e+00
   1.0000000e-04   5.7152857e-01   0.0000000e+00
   2.8671429e-02   5.7152857e-01   0.0000000e+00
   5.7242857e-02   5.7152857e-01   0.0000000e+00
   8.5814286e-02   5.7152857e-01   0.0000000e+00
   1.1438571e-01   5.7152857e-01   0.0000000e+00
   1.4295714e-01   5.7152857e-01   0.0000000e+00
   1.7152857e-01   5.7152857e-01   0.0000000e+00
   2.0010000e-01   5.7152857e-01   0.0000000e+00
   2.2867143e-01   5.7152857e-01   0.0000000e+00
   2.5724286e-01   5.7152857e-01   0.0000000e+00
   2.8581429e-01   5.7152857e-01   0.0000000e+00
   3.1438571e-01   5.7152857e-01   0.0000000e+00
   3.4295714e-01   5.7152857e-01   0.0000000e+00
   3.7152857e-01   5.7152857e-01   0.0000000e+00
   4.0010000e-01   5.7152857e-01   0.0000000e+00
   4.2867143e-01   5.7152857e-01   0.0000000e+00
   4.5724286e-01   5.7152857e-01   0.0000000e+00
   4.8581429e-01   5.7152857e-01   0.0000000e+00
   5.1438571e-01   5.7152857e-01   0.0000000e+00
   5.4295714e-01   5.7152857e-01   0.0000000e+00
   5.7152857e-01   5.7152857e-01   0.0000000e+00
   6.0010000e-01   5.7152857e-01   0.0000000e+00
   6.2867143e-01   5.7152857e-01   0.0000000e+00
   6.5724286e-01   5.7152857e-01   0.0000000e+00
   6.8581429e-01   5.7152857e-01   0.0000000e+00
   7.1438571e-01   5.7152857e-01   0.0000000e+00
   7.4295714e-01   5.7152857e-01   0.0000000e+00
   7.7152857e-01   5.7152857e-01   0.0000000e+00
   8.0010000e-01   5.7152857e-01   0.0000000e+00
   8.2867143e-01   5.7152857e-01   0.0000000e+00
   8.5724286e-01   5.7152857e-01   0.0000000e+00
   8.8581429e-01   5.7152857e-01   0.0000000e+00
   9.1438571e-01   5.7152857e-01   0.0000000e+00
   9.4295714e-01   5.7152857e-01   0.0000000e+00
   9.7152857e-01   5.7152857e-01   0.0000000e+00
   1.0001000e+00   5.7152857e-01   0.0000000e+00
   1.0000000e-04   6.0010000e-01   0.0000000e+00
   2.8671429e-02   6.0010000e-01   0.0000000e+00
   5.7242857e-02   6.0010000e-01   0.0000000e+00
   8.5814286e-02   6.0010000e-01   0.0000000e+00
   1.1438571e-01   6.0010000e-01   0.0000000e+00
   1.4295714e-01   6.0010000e-01   0.0000000e+00
   1.7152857e-01   6.0010000e-01   0.0000000e+00
   2.0010000e-01   6.0010000e-01   0.0000000e+00
   2.2867143e-01   6.0010000e-01   0.0000000e+00
   2.5724286e-01   6.0010000e-01   0.0000000e+00
   2.8581429e-01   6.0010000e-01   0.0000000e+00
   3.1438571e-01   6.0010000e-01   0.0000000e+00
   3.4295714e-01   6.0010000e-01   0.0000000e+00
   3.7152857e-01   6.0010000e-01   0.0000000e+00
   4.0010000e-01   6.0010000e-01   0.0000000e+00
   4.2867143e-01   6.0010000e-01   0.0000000e+00
   4.5724286e-01   6.0010000e-01   0.0000000e+00
   4.8581429e-01   6.0010000e-01   0.0000000e+00
   5.1438571e-01   6.0010000e-01   0.0000000e+00
   5.4295714e-01   6.0010000e-01   0.0000000e+00
   5.7152857e-01   6.0010000e-01   0.0000000e+00
   6.0010000e-01   6.0010000e-01   0.0000000e+00
   6.2867143e-01   6.0010000e-01   0.0000000e+00
   6.5724286e-01   6.0010000e-01   0.0000000e+00
   6.8581429e-01   6.0010000e-01   0.0000000e+00
   7.1438571e-01   6.0010000e-01   0.0000000e+00
   7.4295714e-01   6.0010000e-01   0.0000000e+00
   7.7152857e-01   6.0010000e-01   0.0000000e+00
   8.0010000e-01   6.0010000e-01   0.0000000e+00
   8.2867143e-01   6.0010000e-01   0.0000000e+00
   8.5724286e-01   6.0010000e-01   0.0000000e+00
   8.8581429e-01   6.0010000e-01   0.0000000e+00
   9.1438571e-01   6.0010000e-01   0.0000000e+00
   9.4295714e-01   6.0010000e-01   0.0000000e+00
   9.7152857e-01   6.0010000e-01   0.0000000e+00
   1.0001000e+00   6.0010000e-01   0.0000000e+00
   1.0000000e-04   6.2867143e-01   0.0000000e+00
   2.8671429e-02   6.2867143e-01   0.0000000e+00
   5.7242857e-02   6.2867143e-01   0.0000000e+00
   8.5814286e-02   6.2867143e-01   0.0000000e+00
   1.1438571e-01   6.2867143e-01   0.0000000e+00
   1.4295714e-01   6.2867143e-01   0.0000000e+00
   1.7152857e-01   6.2867143e-01   0.0000000e+00
   2.0010000e-01   6.2867143e-01   0.0000000e+00
   2.2867143e-01   6.2867143e-01   0.0000000e+00
   2.5724286e-01   6.2867143e-01   0.0000000e+00
   2.8581429e-01   6.2867143e-01   0.0000000e+00
   3.1438571e-01   6.2867143e-01   0.0000000e+00
   3.4295714e-01   6.2867143e-01   0.0000000e+00
   3.7152857e-01   6.2867143e-01   0.0000000e+00
   4.0010000e-01   6.2867143e-01   0.0000000e+00
   4.2867143e-01   6.2867143e-01   0.0000000e+00
   4.5724286e-01   6.2867143e-01   0.0000000e+00
   4.8581429e-01   6.2867143e-01   0.0000000e+00
   5.1438571e-01   6.2867143e-01   0.0000000e+00
   5.4295714e-01   6.2867143e-01   0.0000000e+00
   5.7152857e-01   6.2867143e-01   0.0000000e+00
   6.0010000e-01   6.2867143e-01   0.0000000e+00
   6.2867143e-01   6.2867143e-01   0.0000000e+00
   6.5724286e-01   6.2867143e-01   0.0000000e+00
   6.8581429e-01   6.2867143e-01   0.0000000e+00
   7.1438571e-01   6.2867143e-01   0.0000000e+00
   7.4295714e-01   6.2867143e-01   0.0000000e+00
   7.7152857e-01   6.2867143e-01   0.0000000e+00
   8.0010000e-01   6.2867143e-01   0.0000000e+00
   8.2867143e-01   6.2867143e-01   0.0000000e+00
   8.5724286e-01   6.2867143e-01   0.0000000e+00
   8.8581429e-01   6.2867143e-01   0.0000000e+00
   9.1438571e-01   6.2867143e-01   0.0000000e+00
   9.4295714e-01   6.2867143e-01   0.0000000e+00
   9.7152857e-01   6.2867143e-01   0.0000000e+00
   1.0001000e+00   6.2867143e-01   0.0000000e+00
   1.0000000e-04   6.5724286e-01   0.0000000e+00
   2.8671429e-02   6.5724286e-01   0.0000000e+00
   5.7242857e-02   6.5724286e-01   0.0000000e+00
   8.5814286e-02   6.5724286e-01   0.0000000e+00
   1.1438571e-01   6.5724286e-01   0.0000000e+00
   1.4295714e-01   6.5724286e-01   0.0000000e+00
   1.7152857e-01   6.5724286e-01   0.0000000e+00
   2.0010000e-01   6.5724286e-01   0.0000000e+00
   2.2867143e-01   6.5724286e-01   0.0000000e+00
   2.5724286e-01   6.5724286e-01   0.0000000e+00
   2.8581429e-01   6.5724286e-01   0.0000000e+00
   3.1438571e-01   6.5724286e-01   0.0000000e+00
   3.4295714e-01   6.5724286e-01   0.0000000e+00
   3.7152857e-01   6.5724286e-01   0.0000000e+00
   4.0010000e-01   6.5724286e-01   0.0000000e+00
   4.2867143e-01   6.5724286e-01   0.0000000e+00
   4.5724286e-01   6.5724286e-01   0.0000000e+00
   4.8581429e-01   6.5724286e-01   0.0000000e+00
   5.1438571e-01   6.5724286e-01   0.0000000e+00
   5.4295714e-01   6.5724286e-01   0.0000000e+00
   5.7152857e-01   6.5724286e-01   0.0000000e+00
   6.0010000e-01   6.5724286e-01   0.0000000e+00
   6.2867143e-01   6.5724286e-01   0.0000000e+00
   6.5724286e-01   6.5724286e-01   0.0000000e+00
   6.8581429e-01   6.5724286e-01   0.0000000e+00
   7.1438571e-01   6.5724286e-01   0.0000000e+00
   7.4295714e-01   6.5724286e-01   0.0000000e+00
   7.7152857e-01   6.5724286e-01   0.0000000e+00
   8.0010000e-01   6.5724286e-01   0.0000000e+00
   8.2867143e-01   6.5724286e-01   0.0000000e+00
   8.5724286e-01   6.5724286e-01   0.0000000e+00
   8.8581429e-01   6.5724286e-01   0.0000000e+00
   9.1438571e-01   6.5724286e-01   0.0000000e+00
   9.4295714e-01   6.5724286e-01   0.0000000e+00
   9.7152857e-01   6.5724286e-01   0.0000000e+00
   1.0001000e+00   6.5724286e-01   0.0000000e+00
   1.0000000e-04   6.8581429e-01   0.0000000e+00
   2.8671429e-02   6.8581429e-01   0.0000000e+00
   5.7242857e-02   6.8581429e-01   0.0000000e+00
   8.5814286e-02   6.8581429e-01   0.0000000e+00
   1.1438571e-01   6.8581429e-01   0.0000000e+00
   1.4295714e-01   6.8581429e-01   0.0000000e+00
   1.7152857e-01   6.8581429e-01   0.0000000e+00
   2.0010000e-01   6.8581429e-01   0.0000000e+00
   2.2867143e-01   6.8581429e-01   0.0000000e+00
   2.5724286e-01   6.8581429e-01   0.0000000e+00
   2.8581429e-01   6.8581429e-01   0.0000000e+00
   3.1438571e-01   6.8581429e-01   0.0000000e+00
   3.4295714e-01   6.8581429e-01   0.0000000e+00
   3.7152857e-01   6.8581429e-01   0.0000000e+00
   4.0010000e-01   6.8581429e-01   0.0000000e+00
   4.2867143e-01   6.8581429e-01   0.0000000e+00
   4.5724286e-01   6.8581429e-01   0.0000000e+00
   4.8581429e-01   6.8581429e-01   0.0000000e+00
   5.1438571e-01   6.8581429e-01   0.0000000e+00
   5.4295714e-01   6.8581429e-01   0.0000000e+00
   5.7152857e-01   6.8581429e-01   0.0000000e+00
   6.0010000e-01   6.8581429e-01   0.0000000e+00
   6.2867143e-01   6.8581429e-01   0.0000000e+00
   6.5724286e-01   6.8581429e-01   0.0000000e+00
   6.8581429e-01   6.8581429e-01   0.0000000e+00
   7.1438571e-01   6.8581429e-01   0.0000000e+00
   7.4295714e-01   6.8581429e-01   0.0000000e+00
   7.7152857e-01   6.8581429e-01   0.0000000e+00
   8.0010000e-01   6.8581429e-01   0.0000000e+00
   8.2867143e-01   6.8581429e-01   0.0000000e+00
   8.5724286e-01   6.8581429e-01   0.0000000e+00
   8.8581429e-01   6.8581429e-01   0.0000000e+00
   9.1438571e-01   6.8581429e-01   0.0000000e+00
   9.4295714e-01   6.8581429e-01   0.0000000e+00
   9.7152857e-01   6.8581429e-01   0.0000000e+00
   1.0001000e+00   6.8581429e-01   0.0000000e+00
   1.0000000e-04   7.1438571e-01   0.0000000e+00
   2.8671429e-02   7.1438571e-01   0.0000000e+00
   5.7242857e-02   7.1438571e-01   0.0000000e+00
   8.5814286e-02   7.1438571e-01   0.0000000e+00
   1.1438571e-01   7.1438571e-01   0.0000000e+00
   1.4295714e-01   7.1438571e-01   0.0000000e+00
   1.7152857e-01   7.1438571e-01   0.0000000e+00
   2.0010000e-01   7.1438571e-01   0.0000000e+00
   2.2867143e-01   7.1438571e-01   0.0000000e+00
   2.5724286e-01   7.1438571e-01   0.0000000e+00
   2.8581429e-01   7.1438571e-01   0.0000000e+00
   3.1438571e-01   7.1438571e-01   0.0000000e+00
   3.4295714e-01   7.1438571e-01   0.0000000e+00
   3.7152857e-01   7.1438571e-01   0.0000000e+00
   4.0010000e-01   7.1438571e-01   0.0000000e+00
   4.2867143e-01   7.1438571e-01   0.0000000e+00
   4.5724286e-01   7.1438571e-01   0.0000000e+00
   4.8581429e-01   7.1438571e-01   0.0000000e+00
   5.1438571e-01   7.1438571e-01   0.0000000e+00
   5.4295714e-01   7.1438571e-01   0.0000000e+00
   5.7152857e-01   7.1438571e-01   0.0000000e+00
   6.0010000e-01   7.1438571e-01   0.0000000e+00
   6.2867143e-01   7.1438571e-01   0.0000000e+00
   6.5724286e-01   7.1438571e-01   0.0000000e+00
   6.8581429e-01   7.1438571e-01   0.0000000e+00
   7.1438571e-01   7.1438571e-01   0.0000000e+00
   7.4295714e-01   7.1438571e-01   0.0000000e+00
   7.7152857e-01   7.1438571e-01   0.0000000e+00
   8.0010000e-01   7.1438571e-01   0.0000000e+00
   8.2867143e-01   7.1438571e-01   0.0000000e+00
   8.5724286e-01   7.1438571e-01   0.0000000e+00
   8.8581429e-01   7.1438571e-01   0.0000000e+00
   9.1438571e-01   7.1438571e-01   0.0000000e+00
   9.4295714e-01   7.1438571e-01   0.0000000e+00
   9.7152857e-01   7.1438571e-01   0.0000000e+00
   1.0001000e+00   7.1438571e-01   0.0000000e+00
   1.0000000e-04   7.4295714e-01   0.0000000e+00
   2.8671429e-02   7.4295714e-01   0.0000000e+00
   5.7242857e-02   7.4295714e-01   0.0000000e+00
   8.5814286e-02   7.4295714e-01   0.0000000e+00
   1.1438571e-01   7.4295714e-01   0.0000000e+00
   1.4295714e-01   7.4295714e-01   0.0000000e+00
   1.7152857e-01   7.4295714e-01   0.0000000e+00
   2.0010000e-01   7.4295714e-01   0.0000000e+00
   2.2867143e-01   7.4295714e-01   0.0000000e+00
   2.5724286e-01   7.4295714e-01   0.0000000e+00
   2.8581429e-01   7.4295714e-01   0.0000000e+00
   3.1438571e-01   7.4295714e-01   0.0000000e+00
   3.4295714e-01   7.4295714e-01   0.0000000e+00
   3.7152857e-01   7.4295714e-01   0.0000000e+00
   4.0010000e-01   7.4295714e-01   0.0000000e+00
   4.2867143e-01   7.4295714e-01   0.0000000e+00
   4.5724286e-01   7.4295714e-01   0.0000000e+00
   4.8581429e-01   7.4295714e-01   0.0000000e+00
   5.1438571e-01   7.4295714e-01   0.0000000e+00
   5.4295714e-01   7.4295714e-01   0.0000000e+00
   5.7152857e-01   7.4295714e-01   0.0000000e+00
   6.0010000e-01   7.4295714e-01   0.0000000e+00
   6.2867143e-01   7.4295714e-01   0.0000000e+00
   6.5724286e-01   7.4295714e-01   0.0000000e+00
   6.8581429e-01   7.4295714e-01   0.0000000e+00
   7.1438571e-01   7.4295714e-01   0.0000000e+00
   7.4295714e-01   7.4295714e-01   0.0000000e+00
   7.7152857e-01   7.4295714e-01   0.0000000e+00
   8.0010000e-01   7.4295714e-01   0.0000000e+00
   8.2867143e-01   7.4295714e-01   0.0000000e+00
   8.5724286e-01   7.4295714e-01   0.0000000e+00
   8.8581429e-01   7.4295714e-01   0.0000000e+00
   9.1438571e-01   7.4295714e-01   0.0000000e+00
   9.4295714e-01   7.4295714e-01   0.0000000e+00
   9.7152857e-01   7.4295714e-01   0.0000000e+00
   1.0001000e+00   7.4295714e-01   0.0000000e+00
   1.0000000e-04   7.7152857e-01   0.0000000e+00
   2.8671429e-02   7.7152857e-01   0.0000000e+00
   5.7242857e-02   7.7152857e-01   0.0000000e+00
   8.5814286e-02   7.7152857e-01   0.0000000e+00
   1.1438571e-01   7.7152857e-01   0.0000000e+00
   1.4295714e-01   7.7152857e-01   0.0000000e+00
   1.7152857e-01   7.7152857e-01   0.0000000e+00
   2.0010000e-01   7.7152857e-01   0.0000000e+00
   2.2867143e-01   7.7152857e-01   0.0000000e+00
   2.5724286e-01   7.7152857e-01   0.0000000e+00
   2.8581429e-01   7.7152857e-01   0.0000000e+00
   3.1438571e-01   7.7152857e-01   0.0000000e+00
   3.4295714e-01   7.7152857e-01   0.0000000e+00
   3.7152857e-01   7.7152857e-01   0.0000000e+00
   4.0010000e-01   7.7152857e-01   0.0000000e+00
   4.2867143e-01   7.7152857e-01   0.0000000e+00
   4.5724286e-01   7.7152857e-01   0.0000000e+00
   4.8581429e-01   7.7152857e-01   0.0000000e+00
   5.1438571e-01   7.7152857e-01   0.0000000e+00
   5.4295714e-01   7.7152857e-01   0.0000000e+00
   5.7152857e-01   7.7152857e-01   0.0000000e+00
   6.0010000e-01   7.7152857e-01   0.0000000e+00
   6.2867143e-01   7.7152857e-01   0.0000000e+00
   6.5724286e-01   7.7152857e-01   0.0000000e+00
   6.8581429e-01   7.7152857e-01   0.0000000e+00
   7.1438571e-01   7.7152857e-01   0.0000000e+00
   7.4295714e-01   7.7152857e-01   0.0000000e+00
   7.7152857e-01   7.7152857e-01   0.0000000e+00
   8.0010000e-01   7.7152857e-01   0.0000000e+00
   8.2867143e-01   7.7152857e-01   0.0000000e+00
   8.5724286e-01   7.7152857e-01   0.0000000e+00
   8.8581429e-01   7.7152857e-01   0.0000000e+00
   9.1438571e-01   7.7152857e-01   0.0000000e+00
   9.4295714e-01   7.7152857e-01   0.0000000e+00
   9.7152857e-01   7.7152857e-01   0.0000000e+00
   1.0001000e+00   7.7152857e-01   0.0000000e+00
   1.0000000e-04   8.0010000e-01   0.0000000e+00
   2.8671429e-02   8.0010000e-01   0.0000000e+00
   5.7242857e-02   8.0010000e-01   0.0000000e+00
   8.5814286e-02   8.0010000e-01   0.0000000e+00
   1.1438571e-01   8.0010000e-01   0.0000000e+00
   1.4295714e-01   8.0010000e-01   0.0000000e+00
   1.7152857e-01   8.0010000e-01   0.0000000e+00
   2.0010000e-01   8.0010000e-01   0.0000000e+00
   2.2867143e-01   8.0010000e-01   0.0000000e+00
   2.5724286e-01   8.0010000e-01   0.0000000e+00
   2.8581429e-01   8.0010000e-01   0.0000000e+00
   3.1438571e-01   8.0010000e-01   0.0000000e+00
   3.4295714e-01   8.0010000e-01   0.0000000e+00
   3.7152857e-01   8.0010000e-01   0.0000000e+00
   4.0010000e-01   8.0010000e-01   0.0000000e+00
   4.2867143e-01   8.0010000e-01   0.0000000e+00
   4.5724286e-01   8.0010000e-01   0.0000000e+00
   4.8581429e-01   8.0010000e-01   0.0000000e+00
   5.1438571e-01   8.0010000e-01   0.0000000e+00
   5.4295714e-01   8.0010000e-01   0.0000000e+00
   5.7152857e-01   8.0010000e-01   0.0000000e+00
   6.0010000e-01   8.0010000e-01   0.0000000e+00
   6.2867143e-01   8.0010000e-01   0.0000000e+00
   6.5724286e-01   8.0010000e-01   0.0000000e+00
   6.8581429e-01   8.0010000e-01   0.0000000e+00
   7.1438571e-01   8.0010000e-01   0.0000000e+00
   7.4295714e-01   8.0010000e-01   0.0000000e+00
   7.7152857e-01   8.0010000e-01   0.0000000e+00
   8.0010000e-01   8.0010000e-01   0.0000000e+00
   8.2867143e-01   8.0010000e-01   0.0000000e+00
   8.5724286e-01   8.0010000e-01   0.0000000e+00
   8.8581429e-01   8.0010000e-01   0.0000000e+00
   9.1438571e-01   8.0010000e-01   0.0000000e+00
   9.4295714e-01   8.0010000e-01   0.0000000e+00
   9.7152857e-01   8.0010000e-01   0.0000000e+00
   1.0001000e+00   8.0010000e-01   0.0000000e+00
   1.0000000e-04   8.2867143e-01   0.0000000e+00
   2.8671429e-02   8.2867143e-01   0.0000000e+00
   5.7242857e-02   8.2867143e-01   0.0000000e+00
   8.5814286e-02   8.2867143e-01   0.0000000e+00
   1.1438571e-01   8.2867143e-01   0.0000000e+00
   1.4295714e-01   8.2867143e-01   0.0000000e+00
   1.7152857e-01   8.2867143e-01   0.0000000e+00
   2.0010000e-01   8.2867143e-01   0.0000000e+00
   2.2867143e-01   8.2867143e-01   0.0000000e+00
   2.5724286e-01   8.2867143e-01   0.0000000e+00
   2.8581429e-01   8.2867143e-01   0.0000000e+00
   3.1438571e-01   8.2867143e-01   0.0000000e+00
   3.4295714e-01   8.2867143e-01   0.0000000e+00
   3.7152857e-01   8.2867143e-01   0.0000000e+00
   4.0010000e-01   8.2867143e-01   0.0000000e+00
   4.2867143e-01   8.2867143e-01   0.0000000e+00
   4.5724286e-01   8.2867143e-01   0.0000000e+00
   4.8581429e-01   8.2867143e-01   0.0000000e+00
   5.1438571e-01   8.2867143e-01   0.0000000e+00
   5.4295714e-01   8.2867143e-01   0.0000000e+00
   5.7152857e-01   8.2867143e-01   0.0000000e+00
   6.0010000e-01   8.2867143e-01   0.0000000e+00
   6.2867143e-01   8.2867143e-01   0.0000000e+00
   6.5724286e-01   8.2867143e-01   0.0000000e+00
   6.8581429e-01   8.2867143e-01   0.0000000e+00
   7.1438571e-01   8.2867143e-01   0.0000000e+00
   7.4295714e-01   8.2867143e-01   0.0000000e+00
   7.7152857e-01   8.2867143e-01   0.0000000e+00
   8.0010000e-01   8.2867143e-01   0.0000000e+00
   8.2867143e-01   8.2867143e-01   0.0000000e+00
   8.5724286e-01   8.2867143e-01   0.0000000e+00
   8.8581429e-01   8.2867143e-01   0.0000000e+00
   9.1438571e-01   8.2867143e-01   0.0000000e+00
   9.4295714e-01   8.2867143e-01   0.0000000e+00
   9.7152857e-01   8.2867143e-01   0.0000000e+00
   1.0001000e+00   8.2867143e-01   0.0000000e+00
   1.0000000e-04   8.5724286e-01   0.0000000e+00
   2.8671429e-02   8.5724286e-01   0.0000000e+00
   5.7242857e-02   8.5724286e-01   0.0000000e+00
   8.5814286e-02   8.5724286e-01   0.0000000e+00
   1.1438571e-01   8.5724286e-01   0.0000000e+00
   1.4295714e-01   8.5724286e-01   0.0000000e+00
   1.7152857e-01   8.5724286e-01   0.0000000e+00
   2.0010000e-01   8.5724286e-01   0.0000000e+00
   2.2867143e-01   8.5724286e-01   0.0000000e+00
   2.5724286e-01   8.5724286e-01   0.0000000e+00
   2.8581429e-01   8.5724286e-01   0.0000000e+00
   3.1438571e-01   8.5724286e-01   0.0000000e+00
   3.4295714e-01   8.5724286e-01   0.0000000e+00
   3.7152857e-01   8.5724286e-01   0.0000000e+00
   4.0010000e-01   8.5724286e-01   0.0000000e+00
   4.2867143e-01   8.5724286e-01   0.0000000e+00
   4.5724286e-01   8.5724286e-01   0.0000000e+00
   4.8581429e-01   8.5724286e-01   0.0000000e+00
   5.1438571e-01   8.5724286e-01   0.0000000e+00
   5.4295714e-01   8.5724286e-01   0.0000000e+00
   5.7152857e-01   8.5724286e-01   0.0000000e+00
   6.0010000e-01   8.5724286e-01   0.0000000e+00
   6.2867143e-01   8.5724286e-01   0.0000000e+00
   6.5724286e-01   8.5724286e-01   0.0000000e+00
   6.8581429e-01   8.5724286e-01   0.0000000e+00
   7.1438571e-01   8.5724286e-01   0.0000000e+00
   7.4295714e-01   8.5724286e-01   0.0000000e+00
   7.7152857e-01   8.5724286e-01   0.0000000e+00
   8.0010000e-01   8.5724286e-01   0.0000000e+00
   8.2867143e-01   8.5724286e-01   0.0000000e+00
   8.5724286e-01   8.5724286e-01   0.0000000e+00
   8.8581429e-01   8.5724286e-01   0.0000000e+00
   9.1438571e-01   8.5724286e-01   0.0000000e+00
   9.4295714e-01   8.5724286e-01   0.0000000e+00
   9.7152857e-01   8.5724286e-01   0.0000000e+00
   1.0001000e+00   8.5724286e-01   0.0000000e+00
   1.0000000e-04   8.8581429e-01   0.0000000e+00
   2.8671429e-02   8.8581429e-01   0.0000000e+00
   5.7242857e-02   8.8581429e-01   0.0000000e+00
   8.5814286e-02   8.8581429e-01   0.0000000e+00
   1.1438571e-01   8.8581429e-01   0.0000000e+00
   1.4295714e-01   8.8581429e-01   0.0000000e+00
   1.7152857e-01   8.8581429e-01   0.0000000e+00
   2.0010000e-01   8.8581429e-01   0.0000000e+00
   2.2867143e-01   8.8581429e-01   0.0000000e+00
   2.5724286e-01   8.8581429e-01   0.0000000e+00
   2.8581429e-01   8.8581429e-01   0.0000000e+00
   3.1438571e-01   8.8581429e-01   0.0000000e+00
   3.4295714e-01   8.8581429e-01   0.0000000e+00
   3.7152857e-01   8.8581429e-01   0.0000000e+00
   4.0010000e-01   8.8581429e-01   0.0000000e+00
   4.2867143e-01   8.8581429e-01   0.0000000e+00
   4.5724286e-01   8.8581429e-01   0.0000000e+00
   4.8581429e-01   8.8581429e-01   0.0000000e+00
   5.1438571e-01   8.8581429e-01   0.0000000e+00
   5.4295714e-01   8.8581429e-01   0.0000000e+00
   5.7152857e-01   8.8581429e-01   0.0000000e+00
   6.0010000e-01   8.8581429e-01   0.0000000e+00
   6.2867143e-01   8.8581429e-01   0.0000000e+00
   6.5724286e-01   8.8581429e-01   0.0000000e+00
   6.8581429e-01   8.8581429e-01   0.0000000e+00
   7.1438571e-01   8.8581429e-01   0.0000000e+00
   7.4295714e-01   8.8581429e-01   0.0000000e+00
   7.7152857e-01   8.8581429e-01   0.0000000e+00
   8.0010000e-01   8.8581429e-01   0.0000000e+00
   8.2867143e-01   8.8581429e-01   0.0000000e+00
   8.5724286e-01   8.8581429e-01   0.0000000e+00
   8.8581429e-01   8.8581429e-01   0.0000000e+00
   9.1438571e-01   8.8581429e-01   0.0000000e+00
   9.4295714e-01   8.8581429e-01   0.0000000e+00
   9.7152857e-01   8.8581429e-01   0.0000000e+00
   1.0001000e+00   8.8581429e-01   0.0000000e+00
   1.0000000e-04   9.1438571e-01   0.0000000e+00
   2.8671429e-02   9.1438571e-01   0.0000000e+00
   5.7242857e-02   9.1438571e-01   0.0000000e+00
   8.5814286e-02   9.1438571e-01   0.0000000e+00
   1.1438571e-01   9.1438571e-01   0.0000000e+00
   1.4295714e-01   9.1438571e-01   0.0000000e+00
   1.7152857e-01   9.1438571e-01   0.0000000e+00
   2.0010000e-01   9.1438571e-01   0.0000000e+00
   2.2867143e-01   9.1438571e-01   0.0000000e+00
   2.5724286e-01   9.1438571e-01   0.0000000e+00
   2.8581429e-01   9.1438571e-01   0.0000000e+00
   3.1438571e-01   9.1438571e-01   0.0000000e+00
   3.4295714e-01   9.1438571e-01   0.0000000e+00
   3.7152857e-01   9.1438571e-01   0.0000000e+00
   4.0010000e-01   9.1438571e-01   0.0000000e+00
   4.2867143e-01   9.1438571e-01   0.0000000e+00
   4.5724286e-01   9.1438571e-01   0.0000000e+00
   4.8581429e-01   9.1438571e-01   0.0000000e+00
   5.1438571e-01   9.1438571e-01   0.0000000e+00
   5.4295714e-01   9.1438571e-01   0.0000000e+00
   5.7152857e-01   9.1438571e-01   0.0000000e+00
   6.0010000e-01   9.1438571e-01   0.0000000e+00
   6.2867143e-01   9.1438571e-01   0.0000000e+00
   6.5724286e-01   9.1438571e-01   0.0000000e+00
   6.8581429e-01   9.1438571e-01   0.0000000e+00
   7.1438571e-01   9.1438571e-01   0.0000000e+00
   7.4295714e-01   9.1438571e-01   0.0000000e+00
   7.7152857e-01   9.1438571e-01   0.0000000e+00
   8.0010000e-01   9.1438571e-01   0.0000000e+00
   8.2867143e-01   9.1438571e-01   0.0000000e+00
   8.5724286e-01   9.1438571e-01   0.0000000e+00
   8.8581429e-01   9.1438571e-01   0.0000000e+00
   9.1438571e-01   9.1438571e-01   0.0000000e+00
   9.4295714e-01   9.1438571e-01   0.0000000e+00
   9.7152857e-01   9.1438571e-01   0.0000000e+00
   1.0001000e+00   9.1438571e-01   0.0000000e+00
   1.0000000e-04   9.4295714e-01   0.0000000e+00
   2.8671429e-02   9.4295714e-01   0.0000000e+00
   5.7242857e-02   9.4295714e-01   0.0000000e+00
   8.5814286e-02   9.4295714e-01   0.0000000e+00
   1.1438571e-01   9.4295714e-01   0.0000000e+00
   1.4295714e-01   9.4295714e-01   0.0000000e+00
   1.7152857e-01   9.4295714e-01   0.0000000e+00
   2.0010000e-01   9.4295714e-01   0.0000000e+00
   2.2867143e-01   9.4295714e-01   0.0000000e+00
   2.5724286e-01   9.4295714e-01   0.0000000e+00
   2.8581429e-01   9.4295714e-01   0.0000000e+00
   3.1438571e-01   9.4295714e-01   0.0000000e+00
   3.4295714e-01   9.4295714e-01   0.0000000e+00
   3.7152857e-01   9.4295714e-01   0.0000000e+00
   4.0010000e-01   9.4295714e-01   0.0000000e+00
   4.2867143e-01   9.4295714e-01   0.0000000e+00
   4.5724286e-01   9.4295714e-01   0.0000000e+00
   4.8581429e-01   9.4295714e-01   0.0000000e+00
   5.1438571e-01   9.4295714e-01   0.0000000e+00
   5.4295714e-01   9.4295714e-01   0.0000000e+00
   5.7152857e-01   9.4295714e-01   0.0000000e+00
   6.0010000e-01   9.4295714e-01   0.0000000e+00
   6.2867143e-01   9.4295714e-01   0.0000000e+00
   6.5724286e-01   9.4295714e-01   0.0000000e+00
   6.8581429e-01   9.4295714e-01   0.0000000e+00
   7.1438571e-01   9.4295714e-01   0.0000000e+00
   7.4295714e-01   9.4295714e-01   0.0000000e+00
   7.7152857e-01   9.4295714e-01   0.0000000e+00
   8.0010000e-01   9.4295714e-01   0.0000000e+00
   8.2867143e-01   9.4295714e-01   0.0000000e+00
   8.5724286e-01   9.4295714e-01   0.0000000e+00
   8.8581429e-01   9.4295714e-01   0.0000000e+00
   9.1438571e-01   9.4295714e-01   0.0000000e+00
   9.4295714e-01   9.4295714e-01   0.0000000e+00
   9.7152857e-01   9.4295714e-01   0.0000000e+00
   1.0001000e+00   9.4295714e-01   0.0000000e+00
   1.0000000e-04   9.7152857e-01   0.0000000e+00
   2.8671429e-02   9.7152857e-01   0.0000000e+00
   5.7242857e-02   9.7152857e-01   0.0000000e+00
   8.5814286e-02   9.7152857e-01   0.0000000e+00
   1.1438571e-01   9.7152857e-01   0.0000000e+00
   1.4295714e-01   9.7152857e-01   0.0000000e+00
   1.7152857e-01   9.7152857e-01   0.0000000e+00
   2.0010000e-01   9.7152857e-01   0.0000000e+00
   2.2867143e-01   9.7152857e-01   0.0000000e+00
   2.5724286e-01   9.7152857e-01   0.0000000e+00
   2.8581429e-01   9.7152857e-01   0.0000000e+00
   3.1438571e-01   9.7152857e-01   0.0000000e+00
   3.4295714e-01   9.7152857e-01   0.0000000e+00
   3.7152857e-01   9.7152857e-01   0.0000000e+00
   4.0010000e-01   9.7152857e-01   0.0000000e+00
   4.2867143e-01   9.7152857e-01   0.0000000e+00
   4.5724286e-01   9.7152857e-01   0.0000000e+00
   4.8581429e-01   9.7152857e-01   0.0000000e+00
   5.1438571e-01   9.7152857e-01   0.0000000e+00
   5.4295714e-01   9.7152857e-01   0.0000000e+00
   5.7152857e-01   9.7152857e-01   0.0000000e+00
   6.0010000e-01   9.7152857e-01   0.0000000e+00
   6.2867143e-01   9.7152857e-01   0.0000000e+00
   6.5724286e-01   9.7152857e-01   0.0000000e+00
   6.8581429e-01   9.7152857e-01   0.0000000e+00
   7.1438571e-01   9.7152857e-01   0.0000000e+00
   7.4295714e-01   9.7152857e-01   0.0000000e+00
   7.7152857e-01   9.7152857e-01   0.0000000e+00
   8.0010000e-01   9.7152857e-01   0.0000000e+00
   8.2867143e-01   9.7152857e-01   0.0000000e+00
   8.5724286e-01   9.7152857e-01   0.0000000e+00
   8.8581429e-01   9.7152857e-01   0.0000000e+00
   9.1438571e-01   9.7152857e-01   0.0000000e+00
   9.4295714e-01   9.7152857e-01   0.0000000e+00
   9.7152857e-01   9.7152857e-01   0.0000000e+00
   1.0001000e+00   9.7152857e-01   0.0000000e+00
   1.0000000e-04   1.0001000e+00   0.0000000e+00
   2.8671429e-02   1.0001000e+00   0.0000000e+00
   5.7242857e-02   1.0001000e+00   0.0000000e+00
   8.5814286e-02   1.0001000e+00   0.0000000e+00
   1.1438571e-01   1.0001000e+00   0.0000000e+00
   1.4295714e-01   1.0001000e+00   0.0000000e+00
   1.7152857e-01   1.0001000e+00   0.0000000e+00
   2.0010000e-01   1.0001000e+00   0.0000000e+00
   2.2867143e-01   1.0001000e+00   0.0000000e+00
   2.5724286e-01   1.0001000e+00   0.0000000e+00
   2.8581429e-01   1.0001000e+00   0.0000000e+00
   3.1438571e-01   1.0001000e+00   0.0000000e+00
   3.4295714e-01   1.0001000e+00   0.0000000e+00
   3.7152857e-01   1.0001000e+00   0.0000000e+00
   4.0010000e-01   1.0001000e+00   0.0000000e+00
   4.2867143e-01   1.0001000e+00   0.0000000e+00
   4.5724286e-01   1.0001000e+00   0.0000000e+00
   4.8581429e-01   1.0001000e+00   0.0000000e+00
   5.1438571e-01   1.0001000e+00   0.0000000e+00
   5.4295714e-01   1.0001000e+00   0.0000000e+00
   5.7152857e-01   1.0001000e+00   0.0000000e+00
   6.0010000e-01   1.0001000e+00   0.0000000e+00
   6.2867143e-01   1.0001000e+00   0.0000000e+00
   6.5724286e-01   1.0001000e+00   0.0000000e+00
   6.8581429e-01   1.0001000e+00   0.0000000e+00
   7.1438571e-01   1.0001000e+00   0.0000000e+00
   7.4295714e-01   1.0001000e+00   0.0000000e+00
   7.7152857e-01   1.0001000e+00   0.0000000e+00
   8.0010000e-01   1.0001000e+00   0.0000000e+00
   8.2867143e-01   1.0001000e+00   0.0000000e+00
   8.5724286e-01   1.0001000e+00   0.0000000e+00
   8.8581429e-01   1.0001000e+00   0.0000000e+00
   9.1438571e-01   1.0001000e+00   0.0000000e+00
   9.4295714e-01   1.0001000e+00   0.0000000e+00
   9.7152857e-01   1.0001000e+00   0.0000000e+00
   1.0001000e+00   1.0001000e+00   0.0000000e+00