   1.0000000e-04   1.0000000e-04   0.0000000e+00
   3.3343333e-01   1.0000000e-04   0.0000000e+00
   6.6676667e-01   1.0000000e-04   0.0000000e+00
   1.0001000e+00   1.0000000e-04   0.0000000e+00
   1.0000000e-04   3.3343333e-01   0.0000000e+00
   3.3343333e-01   3.3343333e-01   0.0000000e+00
   6.6676667e-01   3.3343333e-01   0.0000000e+00
   1.0001000e+00   3.3343333e-01   0.0000000e+00
   1.0000000e-04   6.6676667e-01   0.0000000e+00
   3.3343333e-01   6.6676667e-01   0.0000000e+00
   6.6676667e-01   6.6676667e-01   0.0000000e+00
   1.0001000e+00   6.6676667e-01   0.0000000e+00
   1.0000000e-04   1.0001000e+00   0.0000000e+00
   3.3343333e-01   1.0001000e+00   0.0000000e+00
   6.6676667e-01   1.0001000e+00   0.0000000e+00
   1.0001000e+00   1.0001000e+00   0.0000000e+00