1 2 47 1 
2 48 47 1 
2 3 48 1 
3 49 48 1 
3 4 49 1 
4 50 49 1 
4 5 50 1 
5 51 50 1 
5 6 51 1 
6 52 51 1 
6 7 52 1 
7 53 52 1 
7 8 53 1 
8 54 53 1 
8 9 54 1 
9 55 54 1 
9 10 55 1 
10 56 55 1 
10 11 56 1 
11 57 56 1 
11 12 57 1 
12 58 57 1 
12 13 58 1 
13 59 58 1 
13 14 59 1 
14 60 59 1 
14 15 60 1 
15 61 60 1 
15 16 61 1 
16 62 61 1 
16 17 62 1 
17 63 62 1 
17 18 63 1 
18 64 63 1 
18 19 64 1 
19 65 64 1 
19 20 65 1 
20 66 65 1 
20 21 66 1 
21 67 66 1 
21 22 67 1 
22 68 67 1 
22 23 68 1 
23 69 68 1 
23 24 69 1 
24 70 69 1 
24 25 70 1 
25 71 70 1 
25 26 71 1 
26 72 71 1 
26 27 72 1 
27 73 72 1 
27 28 73 1 
28 74 73 1 
28 29 74 1 
29 75 74 1 
29 30 75 1 
30 76 75 1 
30 31 76 1 
31 77 76 1 
31 32 77 1 
32 78 77 1 
32 33 78 1 
33 79 78 1 
33 34 79 1 
34 80 79 1 
34 35 80 1 
35 81 80 1 
35 36 81 1 
36 82 81 1 
36 37 82 1 
37 83 82 1 
37 38 83 1 
38 84 83 1 
38 39 84 1 
39 85 84 1 
39 40 85 1 
40 86 85 1 
40 41 86 1 
41 87 86 1 
41 42 87 1 
42 88 87 1 
42 43 88 1 
43 89 88 1 
43 44 89 1 
44 90 89 1 
44 45 90 1 
45 91 90 1 
45 46 91 1 
46 92 91 1 
47 48 93 1 
48 94 93 1 
48 49 94 1 
49 95 94 1 
49 50 95 1 
50 96 95 1 
50 51 96 1 
51 97 96 1 
51 52 97 1 
52 98 97 1 
52 53 98 1 
53 99 98 1 
53 54 99 1 
54 100 99 1 
54 55 100 1 
55 101 100 1 
55 56 101 1 
56 102 101 1 
56 57 102 1 
57 103 102 1 
57 58 103 1 
58 104 103 1 
58 59 104 1 
59 105 104 1 
59 60 105 1 
60 106 105 1 
60 61 106 1 
61 107 106 1 
61 62 107 1 
62 108 107 1 
62 63 108 1 
63 109 108 1 
63 64 109 1 
64 110 109 1 
64 65 110 1 
65 111 110 1 
65 66 111 1 
66 112 111 1 
66 67 112 1 
67 113 112 1 
67 68 113 1 
68 114 113 1 
68 69 114 1 
69 115 114 1 
69 70 115 1 
70 116 115 1 
70 71 116 1 
71 117 116 1 
71 72 117 1 
72 118 117 1 
72 73 118 1 
73 119 118 1 
73 74 119 1 
74 120 119 1 
74 75 120 1 
75 121 120 1 
75 76 121 1 
76 122 121 1 
76 77 122 1 
77 123 122 1 
77 78 123 1 
78 124 123 1 
78 79 124 1 
79 125 124 1 
79 80 125 1 
80 126 125 1 
80 81 126 1 
81 127 126 1 
81 82 127 1 
82 128 127 1 
82 83 128 1 
83 129 128 1 
83 84 129 1 
84 130 129 1 
84 85 130 1 
85 131 130 1 
85 86 131 1 
86 132 131 1 
86 87 132 1 
87 133 132 1 
87 88 133 1 
88 134 133 1 
88 89 134 1 
89 135 134 1 
89 90 135 1 
90 136 135 1 
90 91 136 1 
91 137 136 1 
91 92 137 1 
92 138 137 1 
93 94 139 1 
94 140 139 1 
94 95 140 1 
95 141 140 1 
95 96 141 1 
96 142 141 1 
96 97 142 1 
97 143 142 1 
97 98 143 1 
98 144 143 1 
98 99 144 1 
99 145 144 1 
99 100 145 1 
100 146 145 1 
100 101 146 1 
101 147 146 1 
101 102 147 1 
102 148 147 1 
102 103 148 1 
103 149 148 1 
103 104 149 1 
104 150 149 1 
104 105 150 1 
105 151 150 1 
105 106 151 1 
106 152 151 1 
106 107 152 1 
107 153 152 1 
107 108 153 1 
108 154 153 1 
108 109 154 1 
109 155 154 1 
109 110 155 1 
110 156 155 1 
110 111 156 1 
111 157 156 1 
111 112 157 1 
112 158 157 1 
112 113 158 1 
113 159 158 1 
113 114 159 1 
114 160 159 1 
114 115 160 1 
115 161 160 1 
115 116 161 1 
116 162 161 1 
116 117 162 1 
117 163 162 1 
117 118 163 1 
118 164 163 1 
118 119 164 1 
119 165 164 1 
119 120 165 1 
120 166 165 1 
120 121 166 1 
121 167 166 1 
121 122 167 1 
122 168 167 1 
122 123 168 1 
123 169 168 1 
123 124 169 1 
124 170 169 1 
124 125 170 1 
125 171 170 1 
125 126 171 1 
126 172 171 1 
126 127 172 1 
127 173 172 1 
127 128 173 1 
128 174 173 1 
128 129 174 1 
129 175 174 1 
129 130 175 1 
130 176 175 1 
130 131 176 1 
131 177 176 1 
131 132 177 1 
132 178 177 1 
132 133 178 1 
133 179 178 1 
133 134 179 1 
134 180 179 1 
134 135 180 1 
135 181 180 1 
135 136 181 1 
136 182 181 1 
136 137 182 1 
137 183 182 1 
137 138 183 1 
138 184 183 1 
139 140 185 1 
140 186 185 1 
140 141 186 1 
141 187 186 1 
141 142 187 1 
142 188 187 1 
142 143 188 1 
143 189 188 1 
143 144 189 1 
144 190 189 1 
144 145 190 1 
145 191 190 1 
145 146 191 1 
146 192 191 1 
146 147 192 1 
147 193 192 1 
147 148 193 1 
148 194 193 1 
148 149 194 1 
149 195 194 1 
149 150 195 1 
150 196 195 1 
150 151 196 1 
151 197 196 1 
151 152 197 1 
152 198 197 1 
152 153 198 1 
153 199 198 1 
153 154 199 1 
154 200 199 1 
154 155 200 1 
155 201 200 1 
155 156 201 1 
156 202 201 1 
156 157 202 1 
157 203 202 1 
157 158 203 1 
158 204 203 1 
158 159 204 1 
159 205 204 1 
159 160 205 1 
160 206 205 1 
160 161 206 1 
161 207 206 1 
161 162 207 1 
162 208 207 1 
162 163 208 1 
163 209 208 1 
163 164 209 1 
164 210 209 1 
164 165 210 1 
165 211 210 1 
165 166 211 1 
166 212 211 1 
166 167 212 1 
167 213 212 1 
167 168 213 1 
168 214 213 1 
168 169 214 1 
169 215 214 1 
169 170 215 1 
170 216 215 1 
170 171 216 1 
171 217 216 1 
171 172 217 1 
172 218 217 1 
172 173 218 1 
173 219 218 1 
173 174 219 1 
174 220 219 1 
174 175 220 1 
175 221 220 1 
175 176 221 1 
176 222 221 1 
176 177 222 1 
177 223 222 1 
177 178 223 1 
178 224 223 1 
178 179 224 1 
179 225 224 1 
179 180 225 1 
180 226 225 1 
180 181 226 1 
181 227 226 1 
181 182 227 1 
182 228 227 1 
182 183 228 1 
183 229 228 1 
183 184 229 1 
184 230 229 1 
185 186 231 1 
186 232 231 1 
186 187 232 1 
187 233 232 1 
187 188 233 1 
188 234 233 1 
188 189 234 1 
189 235 234 1 
189 190 235 1 
190 236 235 1 
190 191 236 1 
191 237 236 1 
191 192 237 1 
192 238 237 1 
192 193 238 1 
193 239 238 1 
193 194 239 1 
194 240 239 1 
194 195 240 1 
195 241 240 1 
195 196 241 1 
196 242 241 1 
196 197 242 1 
197 243 242 1 
197 198 243 1 
198 244 243 1 
198 199 244 1 
199 245 244 1 
199 200 245 1 
200 246 245 1 
200 201 246 1 
201 247 246 1 
201 202 247 1 
202 248 247 1 
202 203 248 1 
203 249 248 1 
203 204 249 1 
204 250 249 1 
204 205 250 1 
205 251 250 1 
205 206 251 1 
206 252 251 1 
206 207 252 1 
207 253 252 1 
207 208 253 1 
208 254 253 1 
208 209 254 1 
209 255 254 1 
209 210 255 1 
210 256 255 1 
210 211 256 1 
211 257 256 1 
211 212 257 1 
212 258 257 1 
212 213 258 1 
213 259 258 1 
213 214 259 1 
214 260 259 1 
214 215 260 1 
215 261 260 1 
215 216 261 1 
216 262 261 1 
216 217 262 1 
217 263 262 1 
217 218 263 1 
218 264 263 1 
218 219 264 1 
219 265 264 1 
219 220 265 1 
220 266 265 1 
220 221 266 1 
221 267 266 1 
221 222 267 1 
222 268 267 1 
222 223 268 1 
223 269 268 1 
223 224 269 1 
224 270 269 1 
224 225 270 1 
225 271 270 1 
225 226 271 1 
226 272 271 1 
226 227 272 1 
227 273 272 1 
227 228 273 1 
228 274 273 1 
228 229 274 1 
229 275 274 1 
229 230 275 1 
230 276 275 1 
231 232 277 1 
232 278 277 1 
232 233 278 1 
233 279 278 1 
233 234 279 1 
234 280 279 1 
234 235 280 1 
235 281 280 1 
235 236 281 1 
236 282 281 1 
236 237 282 1 
237 283 282 1 
237 238 283 1 
238 284 283 1 
238 239 284 1 
239 285 284 1 
239 240 285 1 
240 286 285 1 
240 241 286 1 
241 287 286 1 
241 242 287 1 
242 288 287 1 
242 243 288 1 
243 289 288 1 
243 244 289 1 
244 290 289 1 
244 245 290 1 
245 291 290 1 
245 246 291 1 
246 292 291 1 
246 247 292 1 
247 293 292 1 
247 248 293 1 
248 294 293 1 
248 249 294 1 
249 295 294 1 
249 250 295 1 
250 296 295 1 
250 251 296 1 
251 297 296 1 
251 252 297 1 
252 298 297 1 
252 253 298 1 
253 299 298 1 
253 254 299 1 
254 300 299 1 
254 255 300 1 
255 301 300 1 
255 256 301 1 
256 302 301 1 
256 257 302 1 
257 303 302 1 
257 258 303 1 
258 304 303 1 
258 259 304 1 
259 305 304 1 
259 260 305 1 
260 306 305 1 
260 261 306 1 
261 307 306 1 
261 262 307 1 
262 308 307 1 
262 263 308 1 
263 309 308 1 
263 264 309 1 
264 310 309 1 
264 265 310 1 
265 311 310 1 
265 266 311 1 
266 312 311 1 
266 267 312 1 
267 313 312 1 
267 268 313 1 
268 314 313 1 
268 269 314 1 
269 315 314 1 
269 270 315 1 
270 316 315 1 
270 271 316 1 
271 317 316 1 
271 272 317 1 
272 318 317 1 
272 273 318 1 
273 319 318 1 
273 274 319 1 
274 320 319 1 
274 275 320 1 
275 321 320 1 
275 276 321 1 
276 322 321 1 
277 278 323 1 
278 324 323 1 
278 279 324 1 
279 325 324 1 
279 280 325 1 
280 326 325 1 
280 281 326 1 
281 327 326 1 
281 282 327 1 
282 328 327 1 
282 283 328 1 
283 329 328 1 
283 284 329 1 
284 330 329 1 
284 285 330 1 
285 331 330 1 
285 286 331 1 
286 332 331 1 
286 287 332 1 
287 333 332 1 
287 288 333 1 
288 334 333 1 
288 289 334 1 
289 335 334 1 
289 290 335 1 
290 336 335 1 
290 291 336 1 
291 337 336 1 
291 292 337 1 
292 338 337 1 
292 293 338 1 
293 339 338 1 
293 294 339 1 
294 340 339 1 
294 295 340 1 
295 341 340 1 
295 296 341 1 
296 342 341 1 
296 297 342 1 
297 343 342 1 
297 298 343 1 
298 344 343 1 
298 299 344 1 
299 345 344 1 
299 300 345 1 
300 346 345 1 
300 301 346 1 
301 347 346 1 
301 302 347 1 
302 348 347 1 
302 303 348 1 
303 349 348 1 
303 304 349 1 
304 350 349 1 
304 305 350 1 
305 351 350 1 
305 306 351 1 
306 352 351 1 
306 307 352 1 
307 353 352 1 
307 308 353 1 
308 354 353 1 
308 309 354 1 
309 355 354 1 
309 310 355 1 
310 356 355 1 
310 311 356 1 
311 357 356 1 
311 312 357 1 
312 358 357 1 
312 313 358 1 
313 359 358 1 
313 314 359 1 
314 360 359 1 
314 315 360 1 
315 361 360 1 
315 316 361 1 
316 362 361 1 
316 317 362 1 
317 363 362 1 
317 318 363 1 
318 364 363 1 
318 319 364 1 
319 365 364 1 
319 320 365 1 
320 366 365 1 
320 321 366 1 
321 367 366 1 
321 322 367 1 
322 368 367 1 
323 324 369 1 
324 370 369 1 
324 325 370 1 
325 371 370 1 
325 326 371 1 
326 372 371 1 
326 327 372 1 
327 373 372 1 
327 328 373 1 
328 374 373 1 
328 329 374 1 
329 375 374 1 
329 330 375 1 
330 376 375 1 
330 331 376 1 
331 377 376 1 
331 332 377 1 
332 378 377 1 
332 333 378 1 
333 379 378 1 
333 334 379 1 
334 380 379 1 
334 335 380 1 
335 381 380 1 
335 336 381 1 
336 382 381 1 
336 337 382 1 
337 383 382 1 
337 338 383 1 
338 384 383 1 
338 339 384 1 
339 385 384 1 
339 340 385 1 
340 386 385 1 
340 341 386 1 
341 387 386 1 
341 342 387 1 
342 388 387 1 
342 343 388 1 
343 389 388 1 
343 344 389 1 
344 390 389 1 
344 345 390 1 
345 391 390 1 
345 346 391 1 
346 392 391 1 
346 347 392 1 
347 393 392 1 
347 348 393 1 
348 394 393 1 
348 349 394 1 
349 395 394 1 
349 350 395 1 
350 396 395 1 
350 351 396 1 
351 397 396 1 
351 352 397 1 
352 398 397 1 
352 353 398 1 
353 399 398 1 
353 354 399 1 
354 400 399 1 
354 355 400 1 
355 401 400 1 
355 356 401 1 
356 402 401 1 
356 357 402 1 
357 403 402 1 
357 358 403 1 
358 404 403 1 
358 359 404 1 
359 405 404 1 
359 360 405 1 
360 406 405 1 
360 361 406 1 
361 407 406 1 
361 362 407 1 
362 408 407 1 
362 363 408 1 
363 409 408 1 
363 364 409 1 
364 410 409 1 
364 365 410 1 
365 411 410 1 
365 366 411 1 
366 412 411 1 
366 367 412 1 
367 413 412 1 
367 368 413 1 
368 414 413 1 
369 370 415 1 
370 416 415 1 
370 371 416 1 
371 417 416 1 
371 372 417 1 
372 418 417 1 
372 373 418 1 
373 419 418 1 
373 374 419 1 
374 420 419 1 
374 375 420 1 
375 421 420 1 
375 376 421 1 
376 422 421 1 
376 377 422 1 
377 423 422 1 
377 378 423 1 
378 424 423 1 
378 379 424 1 
379 425 424 1 
379 380 425 1 
380 426 425 1 
380 381 426 1 
381 427 426 1 
381 382 427 1 
382 428 427 1 
382 383 428 1 
383 429 428 1 
383 384 429 1 
384 430 429 1 
384 385 430 1 
385 431 430 1 
385 386 431 1 
386 432 431 1 
386 387 432 1 
387 433 432 1 
387 388 433 1 
388 434 433 1 
388 389 434 1 
389 435 434 1 
389 390 435 1 
390 436 435 1 
390 391 436 1 
391 437 436 1 
391 392 437 1 
392 438 437 1 
392 393 438 1 
393 439 438 1 
393 394 439 1 
394 440 439 1 
394 395 440 1 
395 441 440 1 
395 396 441 1 
396 442 441 1 
396 397 442 1 
397 443 442 1 
397 398 443 1 
398 444 443 1 
398 399 444 1 
399 445 444 1 
399 400 445 1 
400 446 445 1 
400 401 446 1 
401 447 446 1 
401 402 447 1 
402 448 447 1 
402 403 448 1 
403 449 448 1 
403 404 449 1 
404 450 449 1 
404 405 450 1 
405 451 450 1 
405 406 451 1 
406 452 451 1 
406 407 452 1 
407 453 452 1 
407 408 453 1 
408 454 453 1 
408 409 454 1 
409 455 454 1 
409 410 455 1 
410 456 455 1 
410 411 456 1 
411 457 456 1 
411 412 457 1 
412 458 457 1 
412 413 458 1 
413 459 458 1 
413 414 459 1 
414 460 459 1 
415 416 461 1 
416 462 461 1 
416 417 462 1 
417 463 462 1 
417 418 463 1 
418 464 463 1 
418 419 464 1 
419 465 464 1 
419 420 465 1 
420 466 465 1 
420 421 466 1 
421 467 466 1 
421 422 467 1 
422 468 467 1 
422 423 468 1 
423 469 468 1 
423 424 469 1 
424 470 469 1 
424 425 470 1 
425 471 470 1 
425 426 471 1 
426 472 471 1 
426 427 472 1 
427 473 472 1 
427 428 473 1 
428 474 473 1 
428 429 474 1 
429 475 474 1 
429 430 475 1 
430 476 475 1 
430 431 476 1 
431 477 476 1 
431 432 477 1 
432 478 477 1 
432 433 478 1 
433 479 478 1 
433 434 479 1 
434 480 479 1 
434 435 480 1 
435 481 480 1 
435 436 481 1 
436 482 481 1 
436 437 482 1 
437 483 482 1 
437 438 483 1 
438 484 483 1 
438 439 484 1 
439 485 484 1 
439 440 485 1 
440 486 485 1 
440 441 486 1 
441 487 486 1 
441 442 487 1 
442 488 487 1 
442 443 488 1 
443 489 488 1 
443 444 489 1 
444 490 489 1 
444 445 490 1 
445 491 490 1 
445 446 491 1 
446 492 491 1 
446 447 492 1 
447 493 492 1 
447 448 493 1 
448 494 493 1 
448 449 494 1 
449 495 494 1 
449 450 495 1 
450 496 495 1 
450 451 496 1 
451 497 496 1 
451 452 497 1 
452 498 497 1 
452 453 498 1 
453 499 498 1 
453 454 499 1 
454 500 499 1 
454 455 500 1 
455 501 500 1 
455 456 501 1 
456 502 501 1 
456 457 502 1 
457 503 502 1 
457 458 503 1 
458 504 503 1 
458 459 504 1 
459 505 504 1 
459 460 505 1 
460 506 505 1 
461 462 507 1 
462 508 507 1 
462 463 508 1 
463 509 508 1 
463 464 509 1 
464 510 509 1 
464 465 510 1 
465 511 510 1 
465 466 511 1 
466 512 511 1 
466 467 512 1 
467 513 512 1 
467 468 513 1 
468 514 513 1 
468 469 514 1 
469 515 514 1 
469 470 515 1 
470 516 515 1 
470 471 516 1 
471 517 516 1 
471 472 517 1 
472 518 517 1 
472 473 518 1 
473 519 518 1 
473 474 519 1 
474 520 519 1 
474 475 520 1 
475 521 520 1 
475 476 521 1 
476 522 521 1 
476 477 522 1 
477 523 522 1 
477 478 523 1 
478 524 523 1 
478 479 524 1 
479 525 524 1 
479 480 525 1 
480 526 525 1 
480 481 526 1 
481 527 526 1 
481 482 527 1 
482 528 527 1 
482 483 528 1 
483 529 528 1 
483 484 529 1 
484 530 529 1 
484 485 530 1 
485 531 530 1 
485 486 531 1 
486 532 531 1 
486 487 532 1 
487 533 532 1 
487 488 533 1 
488 534 533 1 
488 489 534 1 
489 535 534 1 
489 490 535 1 
490 536 535 1 
490 491 536 1 
491 537 536 1 
491 492 537 1 
492 538 537 1 
492 493 538 1 
493 539 538 1 
493 494 539 1 
494 540 539 1 
494 495 540 1 
495 541 540 1 
495 496 541 1 
496 542 541 1 
496 497 542 1 
497 543 542 1 
497 498 543 1 
498 544 543 1 
498 499 544 1 
499 545 544 1 
499 500 545 1 
500 546 545 1 
500 501 546 1 
501 547 546 1 
501 502 547 1 
502 548 547 1 
502 503 548 1 
503 549 548 1 
503 504 549 1 
504 550 549 1 
504 505 550 1 
505 551 550 1 
505 506 551 1 
506 552 551 1 
507 508 553 1 
508 554 553 1 
508 509 554 1 
509 555 554 1 
509 510 555 1 
510 556 555 1 
510 511 556 1 
511 557 556 1 
511 512 557 1 
512 558 557 1 
512 513 558 1 
513 559 558 1 
513 514 559 1 
514 560 559 1 
514 515 560 1 
515 561 560 1 
515 516 561 1 
516 562 561 1 
516 517 562 1 
517 563 562 1 
517 518 563 1 
518 564 563 1 
518 519 564 1 
519 565 564 1 
519 520 565 1 
520 566 565 1 
520 521 566 1 
521 567 566 1 
521 522 567 1 
522 568 567 1 
522 523 568 1 
523 569 568 1 
523 524 569 1 
524 570 569 1 
524 525 570 1 
525 571 570 1 
525 526 571 1 
526 572 571 1 
526 527 572 1 
527 573 572 1 
527 528 573 1 
528 574 573 1 
528 529 574 1 
529 575 574 1 
529 530 575 1 
530 576 575 1 
530 531 576 1 
531 577 576 1 
531 532 577 1 
532 578 577 1 
532 533 578 1 
533 579 578 1 
533 534 579 1 
534 580 579 1 
534 535 580 1 
535 581 580 1 
535 536 581 1 
536 582 581 1 
536 537 582 1 
537 583 582 1 
537 538 583 1 
538 584 583 1 
538 539 584 1 
539 585 584 1 
539 540 585 1 
540 586 585 1 
540 541 586 1 
541 587 586 1 
541 542 587 1 
542 588 587 1 
542 543 588 1 
543 589 588 1 
543 544 589 1 
544 590 589 1 
544 545 590 1 
545 591 590 1 
545 546 591 1 
546 592 591 1 
546 547 592 1 
547 593 592 1 
547 548 593 1 
548 594 593 1 
548 549 594 1 
549 595 594 1 
549 550 595 1 
550 596 595 1 
550 551 596 1 
551 597 596 1 
551 552 597 1 
552 598 597 1 
553 554 599 1 
554 600 599 1 
554 555 600 1 
555 601 600 1 
555 556 601 1 
556 602 601 1 
556 557 602 1 
557 603 602 1 
557 558 603 1 
558 604 603 1 
558 559 604 1 
559 605 604 1 
559 560 605 1 
560 606 605 1 
560 561 606 1 
561 607 606 1 
561 562 607 1 
562 608 607 1 
562 563 608 1 
563 609 608 1 
563 564 609 1 
564 610 609 1 
564 565 610 1 
565 611 610 1 
565 566 611 1 
566 612 611 1 
566 567 612 1 
567 613 612 1 
567 568 613 1 
568 614 613 1 
568 569 614 1 
569 615 614 1 
569 570 615 1 
570 616 615 1 
570 571 616 1 
571 617 616 1 
571 572 617 1 
572 618 617 1 
572 573 618 1 
573 619 618 1 
573 574 619 1 
574 620 619 1 
574 575 620 1 
575 621 620 1 
575 576 621 1 
576 622 621 1 
576 577 622 1 
577 623 622 1 
577 578 623 1 
578 624 623 1 
578 579 624 1 
579 625 624 1 
579 580 625 1 
580 626 625 1 
580 581 626 1 
581 627 626 1 
581 582 627 1 
582 628 627 1 
582 583 628 1 
583 629 628 1 
583 584 629 1 
584 630 629 1 
584 585 630 1 
585 631 630 1 
585 586 631 1 
586 632 631 1 
586 587 632 1 
587 633 632 1 
587 588 633 1 
588 634 633 1 
588 589 634 1 
589 635 634 1 
589 590 635 1 
590 636 635 1 
590 591 636 1 
591 637 636 1 
591 592 637 1 
592 638 637 1 
592 593 638 1 
593 639 638 1 
593 594 639 1 
594 640 639 1 
594 595 640 1 
595 641 640 1 
595 596 641 1 
596 642 641 1 
596 597 642 1 
597 643 642 1 
597 598 643 1 
598 644 643 1 
599 600 645 1 
600 646 645 1 
600 601 646 1 
601 647 646 1 
601 602 647 1 
602 648 647 1 
602 603 648 1 
603 649 648 1 
603 604 649 1 
604 650 649 1 
604 605 650 1 
605 651 650 1 
605 606 651 1 
606 652 651 1 
606 607 652 1 
607 653 652 1 
607 608 653 1 
608 654 653 1 
608 609 654 1 
609 655 654 1 
609 610 655 1 
610 656 655 1 
610 611 656 1 
611 657 656 1 
611 612 657 1 
612 658 657 1 
612 613 658 1 
613 659 658 1 
613 614 659 1 
614 660 659 1 
614 615 660 1 
615 661 660 1 
615 616 661 1 
616 662 661 1 
616 617 662 1 
617 663 662 1 
617 618 663 1 
618 664 663 1 
618 619 664 1 
619 665 664 1 
619 620 665 1 
620 666 665 1 
620 621 666 1 
621 667 666 1 
621 622 667 1 
622 668 667 1 
622 623 668 1 
623 669 668 1 
623 624 669 1 
624 670 669 1 
624 625 670 1 
625 671 670 1 
625 626 671 1 
626 672 671 1 
626 627 672 1 
627 673 672 1 
627 628 673 1 
628 674 673 1 
628 629 674 1 
629 675 674 1 
629 630 675 1 
630 676 675 1 
630 631 676 1 
631 677 676 1 
631 632 677 1 
632 678 677 1 
632 633 678 1 
633 679 678 1 
633 634 679 1 
634 680 679 1 
634 635 680 1 
635 681 680 1 
635 636 681 1 
636 682 681 1 
636 637 682 1 
637 683 682 1 
637 638 683 1 
638 684 683 1 
638 639 684 1 
639 685 684 1 
639 640 685 1 
640 686 685 1 
640 641 686 1 
641 687 686 1 
641 642 687 1 
642 688 687 1 
642 643 688 1 
643 689 688 1 
643 644 689 1 
644 690 689 1 
645 646 691 1 
646 692 691 1 
646 647 692 1 
647 693 692 1 
647 648 693 1 
648 694 693 1 
648 649 694 1 
649 695 694 1 
649 650 695 1 
650 696 695 1 
650 651 696 1 
651 697 696 1 
651 652 697 1 
652 698 697 1 
652 653 698 1 
653 699 698 1 
653 654 699 1 
654 700 699 1 
654 655 700 1 
655 701 700 1 
655 656 701 1 
656 702 701 1 
656 657 702 1 
657 703 702 1 
657 658 703 1 
658 704 703 1 
658 659 704 1 
659 705 704 1 
659 660 705 1 
660 706 705 1 
660 661 706 1 
661 707 706 1 
661 662 707 1 
662 708 707 1 
662 663 708 1 
663 709 708 1 
663 664 709 1 
664 710 709 1 
664 665 710 1 
665 711 710 1 
665 666 711 1 
666 712 711 1 
666 667 712 1 
667 713 712 1 
667 668 713 1 
668 714 713 1 
668 669 714 1 
669 715 714 1 
669 670 715 1 
670 716 715 1 
670 671 716 1 
671 717 716 1 
671 672 717 1 
672 718 717 1 
672 673 718 1 
673 719 718 1 
673 674 719 1 
674 720 719 1 
674 675 720 1 
675 721 720 1 
675 676 721 1 
676 722 721 1 
676 677 722 1 
677 723 722 1 
677 678 723 1 
678 724 723 1 
678 679 724 1 
679 725 724 1 
679 680 725 1 
680 726 725 1 
680 681 726 1 
681 727 726 1 
681 682 727 1 
682 728 727 1 
682 683 728 1 
683 729 728 1 
683 684 729 1 
684 730 729 1 
684 685 730 1 
685 731 730 1 
685 686 731 1 
686 732 731 1 
686 687 732 1 
687 733 732 1 
687 688 733 1 
688 734 733 1 
688 689 734 1 
689 735 734 1 
689 690 735 1 
690 736 735 1 
691 692 737 1 
692 738 737 1 
692 693 738 1 
693 739 738 1 
693 694 739 1 
694 740 739 1 
694 695 740 1 
695 741 740 1 
695 696 741 1 
696 742 741 1 
696 697 742 1 
697 743 742 1 
697 698 743 1 
698 744 743 1 
698 699 744 1 
699 745 744 1 
699 700 745 1 
700 746 745 1 
700 701 746 1 
701 747 746 1 
701 702 747 1 
702 748 747 1 
702 703 748 1 
703 749 748 1 
703 704 749 1 
704 750 749 1 
704 705 750 1 
705 751 750 1 
705 706 751 1 
706 752 751 1 
706 707 752 1 
707 753 752 1 
707 708 753 1 
708 754 753 1 
708 709 754 1 
709 755 754 1 
709 710 755 1 
710 756 755 1 
710 711 756 1 
711 757 756 1 
711 712 757 1 
712 758 757 1 
712 713 758 1 
713 759 758 1 
713 714 759 1 
714 760 759 1 
714 715 760 1 
715 761 760 1 
715 716 761 1 
716 762 761 1 
716 717 762 1 
717 763 762 1 
717 718 763 1 
718 764 763 1 
718 719 764 1 
719 765 764 1 
719 720 765 1 
720 766 765 1 
720 721 766 1 
721 767 766 1 
721 722 767 1 
722 768 767 1 
722 723 768 1 
723 769 768 1 
723 724 769 1 
724 770 769 1 
724 725 770 1 
725 771 770 1 
725 726 771 1 
726 772 771 1 
726 727 772 1 
727 773 772 1 
727 728 773 1 
728 774 773 1 
728 729 774 1 
729 775 774 1 
729 730 775 1 
730 776 775 1 
730 731 776 1 
731 777 776 1 
731 732 777 1 
732 778 777 1 
732 733 778 1 
733 779 778 1 
733 734 779 1 
734 780 779 1 
734 735 780 1 
735 781 780 1 
735 736 781 1 
736 782 781 1 
737 738 783 1 
738 784 783 1 
738 739 784 1 
739 785 784 1 
739 740 785 1 
740 786 785 1 
740 741 786 1 
741 787 786 1 
741 742 787 1 
742 788 787 1 
742 743 788 1 
743 789 788 1 
743 744 789 1 
744 790 789 1 
744 745 790 1 
745 791 790 1 
745 746 791 1 
746 792 791 1 
746 747 792 1 
747 793 792 1 
747 748 793 1 
748 794 793 1 
748 749 794 1 
749 795 794 1 
749 750 795 1 
750 796 795 1 
750 751 796 1 
751 797 796 1 
751 752 797 1 
752 798 797 1 
752 753 798 1 
753 799 798 1 
753 754 799 1 
754 800 799 1 
754 755 800 1 
755 801 800 1 
755 756 801 1 
756 802 801 1 
756 757 802 1 
757 803 802 1 
757 758 803 1 
758 804 803 1 
758 759 804 1 
759 805 804 1 
759 760 805 1 
760 806 805 1 
760 761 806 1 
761 807 806 1 
761 762 807 1 
762 808 807 1 
762 763 808 1 
763 809 808 1 
763 764 809 1 
764 810 809 1 
764 765 810 1 
765 811 810 1 
765 766 811 1 
766 812 811 1 
766 767 812 1 
767 813 812 1 
767 768 813 1 
768 814 813 1 
768 769 814 1 
769 815 814 1 
769 770 815 1 
770 816 815 1 
770 771 816 1 
771 817 816 1 
771 772 817 1 
772 818 817 1 
772 773 818 1 
773 819 818 1 
773 774 819 1 
774 820 819 1 
774 775 820 1 
775 821 820 1 
775 776 821 1 
776 822 821 1 
776 777 822 1 
777 823 822 1 
777 778 823 1 
778 824 823 1 
778 779 824 1 
779 825 824 1 
779 780 825 1 
780 826 825 1 
780 781 826 1 
781 827 826 1 
781 782 827 1 
782 828 827 1 
783 784 829 1 
784 830 829 1 
784 785 830 1 
785 831 830 1 
785 786 831 1 
786 832 831 1 
786 787 832 1 
787 833 832 1 
787 788 833 1 
788 834 833 1 
788 789 834 1 
789 835 834 1 
789 790 835 1 
790 836 835 1 
790 791 836 1 
791 837 836 1 
791 792 837 1 
792 838 837 1 
792 793 838 1 
793 839 838 1 
793 794 839 1 
794 840 839 1 
794 795 840 1 
795 841 840 1 
795 796 841 1 
796 842 841 1 
796 797 842 1 
797 843 842 1 
797 798 843 1 
798 844 843 1 
798 799 844 1 
799 845 844 1 
799 800 845 1 
800 846 845 1 
800 801 846 1 
801 847 846 1 
801 802 847 1 
802 848 847 1 
802 803 848 1 
803 849 848 1 
803 804 849 1 
804 850 849 1 
804 805 850 1 
805 851 850 1 
805 806 851 1 
806 852 851 1 
806 807 852 1 
807 853 852 1 
807 808 853 1 
808 854 853 1 
808 809 854 1 
809 855 854 1 
809 810 855 1 
810 856 855 1 
810 811 856 1 
811 857 856 1 
811 812 857 1 
812 858 857 1 
812 813 858 1 
813 859 858 1 
813 814 859 1 
814 860 859 1 
814 815 860 1 
815 861 860 1 
815 816 861 1 
816 862 861 1 
816 817 862 1 
817 863 862 1 
817 818 863 1 
818 864 863 1 
818 819 864 1 
819 865 864 1 
819 820 865 1 
820 866 865 1 
820 821 866 1 
821 867 866 1 
821 822 867 1 
822 868 867 1 
822 823 868 1 
823 869 868 1 
823 824 869 1 
824 870 869 1 
824 825 870 1 
825 871 870 1 
825 826 871 1 
826 872 871 1 
826 827 872 1 
827 873 872 1 
827 828 873 1 
828 874 873 1 
829 830 875 1 
830 876 875 1 
830 831 876 1 
831 877 876 1 
831 832 877 1 
832 878 877 1 
832 833 878 1 
833 879 878 1 
833 834 879 1 
834 880 879 1 
834 835 880 1 
835 881 880 1 
835 836 881 1 
836 882 881 1 
836 837 882 1 
837 883 882 1 
837 838 883 1 
838 884 883 1 
838 839 884 1 
839 885 884 1 
839 840 885 1 
840 886 885 1 
840 841 886 1 
841 887 886 1 
841 842 887 1 
842 888 887 1 
842 843 888 1 
843 889 888 1 
843 844 889 1 
844 890 889 1 
844 845 890 1 
845 891 890 1 
845 846 891 1 
846 892 891 1 
846 847 892 1 
847 893 892 1 
847 848 893 1 
848 894 893 1 
848 849 894 1 
849 895 894 1 
849 850 895 1 
850 896 895 1 
850 851 896 1 
851 897 896 1 
851 852 897 1 
852 898 897 1 
852 853 898 1 
853 899 898 1 
853 854 899 1 
854 900 899 1 
854 855 900 1 
855 901 900 1 
855 856 901 1 
856 902 901 1 
856 857 902 1 
857 903 902 1 
857 858 903 1 
858 904 903 1 
858 859 904 1 
859 905 904 1 
859 860 905 1 
860 906 905 1 
860 861 906 1 
861 907 906 1 
861 862 907 1 
862 908 907 1 
862 863 908 1 
863 909 908 1 
863 864 909 1 
864 910 909 1 
864 865 910 1 
865 911 910 1 
865 866 911 1 
866 912 911 1 
866 867 912 1 
867 913 912 1 
867 868 913 1 
868 914 913 1 
868 869 914 1 
869 915 914 1 
869 870 915 1 
870 916 915 1 
870 871 916 1 
871 917 916 1 
871 872 917 1 
872 918 917 1 
872 873 918 1 
873 919 918 1 
873 874 919 1 
874 920 919 1 
875 876 921 1 
876 922 921 1 
876 877 922 1 
877 923 922 1 
877 878 923 1 
878 924 923 1 
878 879 924 1 
879 925 924 1 
879 880 925 1 
880 926 925 1 
880 881 926 1 
881 927 926 1 
881 882 927 1 
882 928 927 1 
882 883 928 1 
883 929 928 1 
883 884 929 1 
884 930 929 1 
884 885 930 1 
885 931 930 1 
885 886 931 1 
886 932 931 1 
886 887 932 1 
887 933 932 1 
887 888 933 1 
888 934 933 1 
888 889 934 1 
889 935 934 1 
889 890 935 1 
890 936 935 1 
890 891 936 1 
891 937 936 1 
891 892 937 1 
892 938 937 1 
892 893 938 1 
893 939 938 1 
893 894 939 1 
894 940 939 1 
894 895 940 1 
895 941 940 1 
895 896 941 1 
896 942 941 1 
896 897 942 1 
897 943 942 1 
897 898 943 1 
898 944 943 1 
898 899 944 1 
899 945 944 1 
899 900 945 1 
900 946 945 1 
900 901 946 1 
901 947 946 1 
901 902 947 1 
902 948 947 1 
902 903 948 1 
903 949 948 1 
903 904 949 1 
904 950 949 1 
904 905 950 1 
905 951 950 1 
905 906 951 1 
906 952 951 1 
906 907 952 1 
907 953 952 1 
907 908 953 1 
908 954 953 1 
908 909 954 1 
909 955 954 1 
909 910 955 1 
910 956 955 1 
910 911 956 1 
911 957 956 1 
911 912 957 1 
912 958 957 1 
912 913 958 1 
913 959 958 1 
913 914 959 1 
914 960 959 1 
914 915 960 1 
915 961 960 1 
915 916 961 1 
916 962 961 1 
916 917 962 1 
917 963 962 1 
917 918 963 1 
918 964 963 1 
918 919 964 1 
919 965 964 1 
919 920 965 1 
920 966 965 1 
921 922 967 1 
922 968 967 1 
922 923 968 1 
923 969 968 1 
923 924 969 1 
924 970 969 1 
924 925 970 1 
925 971 970 1 
925 926 971 1 
926 972 971 1 
926 927 972 1 
927 973 972 1 
927 928 973 1 
928 974 973 1 
928 929 974 1 
929 975 974 1 
929 930 975 1 
930 976 975 1 
930 931 976 1 
931 977 976 1 
931 932 977 1 
932 978 977 1 
932 933 978 1 
933 979 978 1 
933 934 979 1 
934 980 979 1 
934 935 980 1 
935 981 980 1 
935 936 981 1 
936 982 981 1 
936 937 982 1 
937 983 982 1 
937 938 983 1 
938 984 983 1 
938 939 984 1 
939 985 984 1 
939 940 985 1 
940 986 985 1 
940 941 986 1 
941 987 986 1 
941 942 987 1 
942 988 987 1 
942 943 988 1 
943 989 988 1 
943 944 989 1 
944 990 989 1 
944 945 990 1 
945 991 990 1 
945 946 991 1 
946 992 991 1 
946 947 992 1 
947 993 992 1 
947 948 993 1 
948 994 993 1 
948 949 994 1 
949 995 994 1 
949 950 995 1 
950 996 995 1 
950 951 996 1 
951 997 996 1 
951 952 997 1 
952 998 997 1 
952 953 998 1 
953 999 998 1 
953 954 999 1 
954 1000 999 1 
954 955 1000 1 
955 1001 1000 1 
955 956 1001 1 
956 1002 1001 1 
956 957 1002 1 
957 1003 1002 1 
957 958 1003 1 
958 1004 1003 1 
958 959 1004 1 
959 1005 1004 1 
959 960 1005 1 
960 1006 1005 1 
960 961 1006 1 
961 1007 1006 1 
961 962 1007 1 
962 1008 1007 1 
962 963 1008 1 
963 1009 1008 1 
963 964 1009 1 
964 1010 1009 1 
964 965 1010 1 
965 1011 1010 1 
965 966 1011 1 
966 1012 1011 1 
967 968 1013 1 
968 1014 1013 1 
968 969 1014 1 
969 1015 1014 1 
969 970 1015 1 
970 1016 1015 1 
970 971 1016 1 
971 1017 1016 1 
971 972 1017 1 
972 1018 1017 1 
972 973 1018 1 
973 1019 1018 1 
973 974 1019 1 
974 1020 1019 1 
974 975 1020 1 
975 1021 1020 1 
975 976 1021 1 
976 1022 1021 1 
976 977 1022 1 
977 1023 1022 1 
977 978 1023 1 
978 1024 1023 1 
978 979 1024 1 
979 1025 1024 1 
979 980 1025 1 
980 1026 1025 1 
980 981 1026 1 
981 1027 1026 1 
981 982 1027 1 
982 1028 1027 1 
982 983 1028 1 
983 1029 1028 1 
983 984 1029 1 
984 1030 1029 1 
984 985 1030 1 
985 1031 1030 1 
985 986 1031 1 
986 1032 1031 1 
986 987 1032 1 
987 1033 1032 1 
987 988 1033 1 
988 1034 1033 1 
988 989 1034 1 
989 1035 1034 1 
989 990 1035 1 
990 1036 1035 1 
990 991 1036 1 
991 1037 1036 1 
991 992 1037 1 
992 1038 1037 1 
992 993 1038 1 
993 1039 1038 1 
993 994 1039 1 
994 1040 1039 1 
994 995 1040 1 
995 1041 1040 1 
995 996 1041 1 
996 1042 1041 1 
996 997 1042 1 
997 1043 1042 1 
997 998 1043 1 
998 1044 1043 1 
998 999 1044 1 
999 1045 1044 1 
999 1000 1045 1 
1000 1046 1045 1 
1000 1001 1046 1 
1001 1047 1046 1 
1001 1002 1047 1 
1002 1048 1047 1 
1002 1003 1048 1 
1003 1049 1048 1 
1003 1004 1049 1 
1004 1050 1049 1 
1004 1005 1050 1 
1005 1051 1050 1 
1005 1006 1051 1 
1006 1052 1051 1 
1006 1007 1052 1 
1007 1053 1052 1 
1007 1008 1053 1 
1008 1054 1053 1 
1008 1009 1054 1 
1009 1055 1054 1 
1009 1010 1055 1 
1010 1056 1055 1 
1010 1011 1056 1 
1011 1057 1056 1 
1011 1012 1057 1 
1012 1058 1057 1 
1013 1014 1059 1 
1014 1060 1059 1 
1014 1015 1060 1 
1015 1061 1060 1 
1015 1016 1061 1 
1016 1062 1061 1 
1016 1017 1062 1 
1017 1063 1062 1 
1017 1018 1063 1 
1018 1064 1063 1 
1018 1019 1064 1 
1019 1065 1064 1 
1019 1020 1065 1 
1020 1066 1065 1 
1020 1021 1066 1 
1021 1067 1066 1 
1021 1022 1067 1 
1022 1068 1067 1 
1022 1023 1068 1 
1023 1069 1068 1 
1023 1024 1069 1 
1024 1070 1069 1 
1024 1025 1070 1 
1025 1071 1070 1 
1025 1026 1071 1 
1026 1072 1071 1 
1026 1027 1072 1 
1027 1073 1072 1 
1027 1028 1073 1 
1028 1074 1073 1 
1028 1029 1074 1 
1029 1075 1074 1 
1029 1030 1075 1 
1030 1076 1075 1 
1030 1031 1076 1 
1031 1077 1076 1 
1031 1032 1077 1 
1032 1078 1077 1 
1032 1033 1078 1 
1033 1079 1078 1 
1033 1034 1079 1 
1034 1080 1079 1 
1034 1035 1080 1 
1035 1081 1080 1 
1035 1036 1081 1 
1036 1082 1081 1 
1036 1037 1082 1 
1037 1083 1082 1 
1037 1038 1083 1 
1038 1084 1083 1 
1038 1039 1084 1 
1039 1085 1084 1 
1039 1040 1085 1 
1040 1086 1085 1 
1040 1041 1086 1 
1041 1087 1086 1 
1041 1042 1087 1 
1042 1088 1087 1 
1042 1043 1088 1 
1043 1089 1088 1 
1043 1044 1089 1 
1044 1090 1089 1 
1044 1045 1090 1 
1045 1091 1090 1 
1045 1046 1091 1 
1046 1092 1091 1 
1046 1047 1092 1 
1047 1093 1092 1 
1047 1048 1093 1 
1048 1094 1093 1 
1048 1049 1094 1 
1049 1095 1094 1 
1049 1050 1095 1 
1050 1096 1095 1 
1050 1051 1096 1 
1051 1097 1096 1 
1051 1052 1097 1 
1052 1098 1097 1 
1052 1053 1098 1 
1053 1099 1098 1 
1053 1054 1099 1 
1054 1100 1099 1 
1054 1055 1100 1 
1055 1101 1100 1 
1055 1056 1101 1 
1056 1102 1101 1 
1056 1057 1102 1 
1057 1103 1102 1 
1057 1058 1103 1 
1058 1104 1103 1 
1059 1060 1105 1 
1060 1106 1105 1 
1060 1061 1106 1 
1061 1107 1106 1 
1061 1062 1107 1 
1062 1108 1107 1 
1062 1063 1108 1 
1063 1109 1108 1 
1063 1064 1109 1 
1064 1110 1109 1 
1064 1065 1110 1 
1065 1111 1110 1 
1065 1066 1111 1 
1066 1112 1111 1 
1066 1067 1112 1 
1067 1113 1112 1 
1067 1068 1113 1 
1068 1114 1113 1 
1068 1069 1114 1 
1069 1115 1114 1 
1069 1070 1115 1 
1070 1116 1115 1 
1070 1071 1116 1 
1071 1117 1116 1 
1071 1072 1117 1 
1072 1118 1117 1 
1072 1073 1118 1 
1073 1119 1118 1 
1073 1074 1119 1 
1074 1120 1119 1 
1074 1075 1120 1 
1075 1121 1120 1 
1075 1076 1121 1 
1076 1122 1121 1 
1076 1077 1122 1 
1077 1123 1122 1 
1077 1078 1123 1 
1078 1124 1123 1 
1078 1079 1124 1 
1079 1125 1124 1 
1079 1080 1125 1 
1080 1126 1125 1 
1080 1081 1126 1 
1081 1127 1126 1 
1081 1082 1127 1 
1082 1128 1127 1 
1082 1083 1128 1 
1083 1129 1128 1 
1083 1084 1129 1 
1084 1130 1129 1 
1084 1085 1130 1 
1085 1131 1130 1 
1085 1086 1131 1 
1086 1132 1131 1 
1086 1087 1132 1 
1087 1133 1132 1 
1087 1088 1133 1 
1088 1134 1133 1 
1088 1089 1134 1 
1089 1135 1134 1 
1089 1090 1135 1 
1090 1136 1135 1 
1090 1091 1136 1 
1091 1137 1136 1 
1091 1092 1137 1 
1092 1138 1137 1 
1092 1093 1138 1 
1093 1139 1138 1 
1093 1094 1139 1 
1094 1140 1139 1 
1094 1095 1140 1 
1095 1141 1140 1 
1095 1096 1141 1 
1096 1142 1141 1 
1096 1097 1142 1 
1097 1143 1142 1 
1097 1098 1143 1 
1098 1144 1143 1 
1098 1099 1144 1 
1099 1145 1144 1 
1099 1100 1145 1 
1100 1146 1145 1 
1100 1101 1146 1 
1101 1147 1146 1 
1101 1102 1147 1 
1102 1148 1147 1 
1102 1103 1148 1 
1103 1149 1148 1 
1103 1104 1149 1 
1104 1150 1149 1 
1105 1106 1151 1 
1106 1152 1151 1 
1106 1107 1152 1 
1107 1153 1152 1 
1107 1108 1153 1 
1108 1154 1153 1 
1108 1109 1154 1 
1109 1155 1154 1 
1109 1110 1155 1 
1110 1156 1155 1 
1110 1111 1156 1 
1111 1157 1156 1 
1111 1112 1157 1 
1112 1158 1157 1 
1112 1113 1158 1 
1113 1159 1158 1 
1113 1114 1159 1 
1114 1160 1159 1 
1114 1115 1160 1 
1115 1161 1160 1 
1115 1116 1161 1 
1116 1162 1161 1 
1116 1117 1162 1 
1117 1163 1162 1 
1117 1118 1163 1 
1118 1164 1163 1 
1118 1119 1164 1 
1119 1165 1164 1 
1119 1120 1165 1 
1120 1166 1165 1 
1120 1121 1166 1 
1121 1167 1166 1 
1121 1122 1167 1 
1122 1168 1167 1 
1122 1123 1168 1 
1123 1169 1168 1 
1123 1124 1169 1 
1124 1170 1169 1 
1124 1125 1170 1 
1125 1171 1170 1 
1125 1126 1171 1 
1126 1172 1171 1 
1126 1127 1172 1 
1127 1173 1172 1 
1127 1128 1173 1 
1128 1174 1173 1 
1128 1129 1174 1 
1129 1175 1174 1 
1129 1130 1175 1 
1130 1176 1175 1 
1130 1131 1176 1 
1131 1177 1176 1 
1131 1132 1177 1 
1132 1178 1177 1 
1132 1133 1178 1 
1133 1179 1178 1 
1133 1134 1179 1 
1134 1180 1179 1 
1134 1135 1180 1 
1135 1181 1180 1 
1135 1136 1181 1 
1136 1182 1181 1 
1136 1137 1182 1 
1137 1183 1182 1 
1137 1138 1183 1 
1138 1184 1183 1 
1138 1139 1184 1 
1139 1185 1184 1 
1139 1140 1185 1 
1140 1186 1185 1 
1140 1141 1186 1 
1141 1187 1186 1 
1141 1142 1187 1 
1142 1188 1187 1 
1142 1143 1188 1 
1143 1189 1188 1 
1143 1144 1189 1 
1144 1190 1189 1 
1144 1145 1190 1 
1145 1191 1190 1 
1145 1146 1191 1 
1146 1192 1191 1 
1146 1147 1192 1 
1147 1193 1192 1 
1147 1148 1193 1 
1148 1194 1193 1 
1148 1149 1194 1 
1149 1195 1194 1 
1149 1150 1195 1 
1150 1196 1195 1 
1151 1152 1197 1 
1152 1198 1197 1 
1152 1153 1198 1 
1153 1199 1198 1 
1153 1154 1199 1 
1154 1200 1199 1 
1154 1155 1200 1 
1155 1201 1200 1 
1155 1156 1201 1 
1156 1202 1201 1 
1156 1157 1202 1 
1157 1203 1202 1 
1157 1158 1203 1 
1158 1204 1203 1 
1158 1159 1204 1 
1159 1205 1204 1 
1159 1160 1205 1 
1160 1206 1205 1 
1160 1161 1206 1 
1161 1207 1206 1 
1161 1162 1207 1 
1162 1208 1207 1 
1162 1163 1208 1 
1163 1209 1208 1 
1163 1164 1209 1 
1164 1210 1209 1 
1164 1165 1210 1 
1165 1211 1210 1 
1165 1166 1211 1 
1166 1212 1211 1 
1166 1167 1212 1 
1167 1213 1212 1 
1167 1168 1213 1 
1168 1214 1213 1 
1168 1169 1214 1 
1169 1215 1214 1 
1169 1170 1215 1 
1170 1216 1215 1 
1170 1171 1216 1 
1171 1217 1216 1 
1171 1172 1217 1 
1172 1218 1217 1 
1172 1173 1218 1 
1173 1219 1218 1 
1173 1174 1219 1 
1174 1220 1219 1 
1174 1175 1220 1 
1175 1221 1220 1 
1175 1176 1221 1 
1176 1222 1221 1 
1176 1177 1222 1 
1177 1223 1222 1 
1177 1178 1223 1 
1178 1224 1223 1 
1178 1179 1224 1 
1179 1225 1224 1 
1179 1180 1225 1 
1180 1226 1225 1 
1180 1181 1226 1 
1181 1227 1226 1 
1181 1182 1227 1 
1182 1228 1227 1 
1182 1183 1228 1 
1183 1229 1228 1 
1183 1184 1229 1 
1184 1230 1229 1 
1184 1185 1230 1 
1185 1231 1230 1 
1185 1186 1231 1 
1186 1232 1231 1 
1186 1187 1232 1 
1187 1233 1232 1 
1187 1188 1233 1 
1188 1234 1233 1 
1188 1189 1234 1 
1189 1235 1234 1 
1189 1190 1235 1 
1190 1236 1235 1 
1190 1191 1236 1 
1191 1237 1236 1 
1191 1192 1237 1 
1192 1238 1237 1 
1192 1193 1238 1 
1193 1239 1238 1 
1193 1194 1239 1 
1194 1240 1239 1 
1194 1195 1240 1 
1195 1241 1240 1 
1195 1196 1241 1 
1196 1242 1241 1 
1197 1198 1243 1 
1198 1244 1243 1 
1198 1199 1244 1 
1199 1245 1244 1 
1199 1200 1245 1 
1200 1246 1245 1 
1200 1201 1246 1 
1201 1247 1246 1 
1201 1202 1247 1 
1202 1248 1247 1 
1202 1203 1248 1 
1203 1249 1248 1 
1203 1204 1249 1 
1204 1250 1249 1 
1204 1205 1250 1 
1205 1251 1250 1 
1205 1206 1251 1 
1206 1252 1251 1 
1206 1207 1252 1 
1207 1253 1252 1 
1207 1208 1253 1 
1208 1254 1253 1 
1208 1209 1254 1 
1209 1255 1254 1 
1209 1210 1255 1 
1210 1256 1255 1 
1210 1211 1256 1 
1211 1257 1256 1 
1211 1212 1257 1 
1212 1258 1257 1 
1212 1213 1258 1 
1213 1259 1258 1 
1213 1214 1259 1 
1214 1260 1259 1 
1214 1215 1260 1 
1215 1261 1260 1 
1215 1216 1261 1 
1216 1262 1261 1 
1216 1217 1262 1 
1217 1263 1262 1 
1217 1218 1263 1 
1218 1264 1263 1 
1218 1219 1264 1 
1219 1265 1264 1 
1219 1220 1265 1 
1220 1266 1265 1 
1220 1221 1266 1 
1221 1267 1266 1 
1221 1222 1267 1 
1222 1268 1267 1 
1222 1223 1268 1 
1223 1269 1268 1 
1223 1224 1269 1 
1224 1270 1269 1 
1224 1225 1270 1 
1225 1271 1270 1 
1225 1226 1271 1 
1226 1272 1271 1 
1226 1227 1272 1 
1227 1273 1272 1 
1227 1228 1273 1 
1228 1274 1273 1 
1228 1229 1274 1 
1229 1275 1274 1 
1229 1230 1275 1 
1230 1276 1275 1 
1230 1231 1276 1 
1231 1277 1276 1 
1231 1232 1277 1 
1232 1278 1277 1 
1232 1233 1278 1 
1233 1279 1278 1 
1233 1234 1279 1 
1234 1280 1279 1 
1234 1235 1280 1 
1235 1281 1280 1 
1235 1236 1281 1 
1236 1282 1281 1 
1236 1237 1282 1 
1237 1283 1282 1 
1237 1238 1283 1 
1238 1284 1283 1 
1238 1239 1284 1 
1239 1285 1284 1 
1239 1240 1285 1 
1240 1286 1285 1 
1240 1241 1286 1 
1241 1287 1286 1 
1241 1242 1287 1 
1242 1288 1287 1 
1243 1244 1289 1 
1244 1290 1289 1 
1244 1245 1290 1 
1245 1291 1290 1 
1245 1246 1291 1 
1246 1292 1291 1 
1246 1247 1292 1 
1247 1293 1292 1 
1247 1248 1293 1 
1248 1294 1293 1 
1248 1249 1294 1 
1249 1295 1294 1 
1249 1250 1295 1 
1250 1296 1295 1 
1250 1251 1296 1 
1251 1297 1296 1 
1251 1252 1297 1 
1252 1298 1297 1 
1252 1253 1298 1 
1253 1299 1298 1 
1253 1254 1299 1 
1254 1300 1299 1 
1254 1255 1300 1 
1255 1301 1300 1 
1255 1256 1301 1 
1256 1302 1301 1 
1256 1257 1302 1 
1257 1303 1302 1 
1257 1258 1303 1 
1258 1304 1303 1 
1258 1259 1304 1 
1259 1305 1304 1 
1259 1260 1305 1 
1260 1306 1305 1 
1260 1261 1306 1 
1261 1307 1306 1 
1261 1262 1307 1 
1262 1308 1307 1 
1262 1263 1308 1 
1263 1309 1308 1 
1263 1264 1309 1 
1264 1310 1309 1 
1264 1265 1310 1 
1265 1311 1310 1 
1265 1266 1311 1 
1266 1312 1311 1 
1266 1267 1312 1 
1267 1313 1312 1 
1267 1268 1313 1 
1268 1314 1313 1 
1268 1269 1314 1 
1269 1315 1314 1 
1269 1270 1315 1 
1270 1316 1315 1 
1270 1271 1316 1 
1271 1317 1316 1 
1271 1272 1317 1 
1272 1318 1317 1 
1272 1273 1318 1 
1273 1319 1318 1 
1273 1274 1319 1 
1274 1320 1319 1 
1274 1275 1320 1 
1275 1321 1320 1 
1275 1276 1321 1 
1276 1322 1321 1 
1276 1277 1322 1 
1277 1323 1322 1 
1277 1278 1323 1 
1278 1324 1323 1 
1278 1279 1324 1 
1279 1325 1324 1 
1279 1280 1325 1 
1280 1326 1325 1 
1280 1281 1326 1 
1281 1327 1326 1 
1281 1282 1327 1 
1282 1328 1327 1 
1282 1283 1328 1 
1283 1329 1328 1 
1283 1284 1329 1 
1284 1330 1329 1 
1284 1285 1330 1 
1285 1331 1330 1 
1285 1286 1331 1 
1286 1332 1331 1 
1286 1287 1332 1 
1287 1333 1332 1 
1287 1288 1333 1 
1288 1334 1333 1 
1289 1290 1335 1 
1290 1336 1335 1 
1290 1291 1336 1 
1291 1337 1336 1 
1291 1292 1337 1 
1292 1338 1337 1 
1292 1293 1338 1 
1293 1339 1338 1 
1293 1294 1339 1 
1294 1340 1339 1 
1294 1295 1340 1 
1295 1341 1340 1 
1295 1296 1341 1 
1296 1342 1341 1 
1296 1297 1342 1 
1297 1343 1342 1 
1297 1298 1343 1 
1298 1344 1343 1 
1298 1299 1344 1 
1299 1345 1344 1 
1299 1300 1345 1 
1300 1346 1345 1 
1300 1301 1346 1 
1301 1347 1346 1 
1301 1302 1347 1 
1302 1348 1347 1 
1302 1303 1348 1 
1303 1349 1348 1 
1303 1304 1349 1 
1304 1350 1349 1 
1304 1305 1350 1 
1305 1351 1350 1 
1305 1306 1351 1 
1306 1352 1351 1 
1306 1307 1352 1 
1307 1353 1352 1 
1307 1308 1353 1 
1308 1354 1353 1 
1308 1309 1354 1 
1309 1355 1354 1 
1309 1310 1355 1 
1310 1356 1355 1 
1310 1311 1356 1 
1311 1357 1356 1 
1311 1312 1357 1 
1312 1358 1357 1 
1312 1313 1358 1 
1313 1359 1358 1 
1313 1314 1359 1 
1314 1360 1359 1 
1314 1315 1360 1 
1315 1361 1360 1 
1315 1316 1361 1 
1316 1362 1361 1 
1316 1317 1362 1 
1317 1363 1362 1 
1317 1318 1363 1 
1318 1364 1363 1 
1318 1319 1364 1 
1319 1365 1364 1 
1319 1320 1365 1 
1320 1366 1365 1 
1320 1321 1366 1 
1321 1367 1366 1 
1321 1322 1367 1 
1322 1368 1367 1 
1322 1323 1368 1 
1323 1369 1368 1 
1323 1324 1369 1 
1324 1370 1369 1 
1324 1325 1370 1 
1325 1371 1370 1 
1325 1326 1371 1 
1326 1372 1371 1 
1326 1327 1372 1 
1327 1373 1372 1 
1327 1328 1373 1 
1328 1374 1373 1 
1328 1329 1374 1 
1329 1375 1374 1 
1329 1330 1375 1 
1330 1376 1375 1 
1330 1331 1376 1 
1331 1377 1376 1 
1331 1332 1377 1 
1332 1378 1377 1 
1332 1333 1378 1 
1333 1379 1378 1 
1333 1334 1379 1 
1334 1380 1379 1 
1335 1336 1381 1 
1336 1382 1381 1 
1336 1337 1382 1 
1337 1383 1382 1 
1337 1338 1383 1 
1338 1384 1383 1 
1338 1339 1384 1 
1339 1385 1384 1 
1339 1340 1385 1 
1340 1386 1385 1 
1340 1341 1386 1 
1341 1387 1386 1 
1341 1342 1387 1 
1342 1388 1387 1 
1342 1343 1388 1 
1343 1389 1388 1 
1343 1344 1389 1 
1344 1390 1389 1 
1344 1345 1390 1 
1345 1391 1390 1 
1345 1346 1391 1 
1346 1392 1391 1 
1346 1347 1392 1 
1347 1393 1392 1 
1347 1348 1393 1 
1348 1394 1393 1 
1348 1349 1394 1 
1349 1395 1394 1 
1349 1350 1395 1 
1350 1396 1395 1 
1350 1351 1396 1 
1351 1397 1396 1 
1351 1352 1397 1 
1352 1398 1397 1 
1352 1353 1398 1 
1353 1399 1398 1 
1353 1354 1399 1 
1354 1400 1399 1 
1354 1355 1400 1 
1355 1401 1400 1 
1355 1356 1401 1 
1356 1402 1401 1 
1356 1357 1402 1 
1357 1403 1402 1 
1357 1358 1403 1 
1358 1404 1403 1 
1358 1359 1404 1 
1359 1405 1404 1 
1359 1360 1405 1 
1360 1406 1405 1 
1360 1361 1406 1 
1361 1407 1406 1 
1361 1362 1407 1 
1362 1408 1407 1 
1362 1363 1408 1 
1363 1409 1408 1 
1363 1364 1409 1 
1364 1410 1409 1 
1364 1365 1410 1 
1365 1411 1410 1 
1365 1366 1411 1 
1366 1412 1411 1 
1366 1367 1412 1 
1367 1413 1412 1 
1367 1368 1413 1 
1368 1414 1413 1 
1368 1369 1414 1 
1369 1415 1414 1 
1369 1370 1415 1 
1370 1416 1415 1 
1370 1371 1416 1 
1371 1417 1416 1 
1371 1372 1417 1 
1372 1418 1417 1 
1372 1373 1418 1 
1373 1419 1418 1 
1373 1374 1419 1 
1374 1420 1419 1 
1374 1375 1420 1 
1375 1421 1420 1 
1375 1376 1421 1 
1376 1422 1421 1 
1376 1377 1422 1 
1377 1423 1422 1 
1377 1378 1423 1 
1378 1424 1423 1 
1378 1379 1424 1 
1379 1425 1424 1 
1379 1380 1425 1 
1380 1426 1425 1 
1381 1382 1427 1 
1382 1428 1427 1 
1382 1383 1428 1 
1383 1429 1428 1 
1383 1384 1429 1 
1384 1430 1429 1 
1384 1385 1430 1 
1385 1431 1430 1 
1385 1386 1431 1 
1386 1432 1431 1 
1386 1387 1432 1 
1387 1433 1432 1 
1387 1388 1433 1 
1388 1434 1433 1 
1388 1389 1434 1 
1389 1435 1434 1 
1389 1390 1435 1 
1390 1436 1435 1 
1390 1391 1436 1 
1391 1437 1436 1 
1391 1392 1437 1 
1392 1438 1437 1 
1392 1393 1438 1 
1393 1439 1438 1 
1393 1394 1439 1 
1394 1440 1439 1 
1394 1395 1440 1 
1395 1441 1440 1 
1395 1396 1441 1 
1396 1442 1441 1 
1396 1397 1442 1 
1397 1443 1442 1 
1397 1398 1443 1 
1398 1444 1443 1 
1398 1399 1444 1 
1399 1445 1444 1 
1399 1400 1445 1 
1400 1446 1445 1 
1400 1401 1446 1 
1401 1447 1446 1 
1401 1402 1447 1 
1402 1448 1447 1 
1402 1403 1448 1 
1403 1449 1448 1 
1403 1404 1449 1 
1404 1450 1449 1 
1404 1405 1450 1 
1405 1451 1450 1 
1405 1406 1451 1 
1406 1452 1451 1 
1406 1407 1452 1 
1407 1453 1452 1 
1407 1408 1453 1 
1408 1454 1453 1 
1408 1409 1454 1 
1409 1455 1454 1 
1409 1410 1455 1 
1410 1456 1455 1 
1410 1411 1456 1 
1411 1457 1456 1 
1411 1412 1457 1 
1412 1458 1457 1 
1412 1413 1458 1 
1413 1459 1458 1 
1413 1414 1459 1 
1414 1460 1459 1 
1414 1415 1460 1 
1415 1461 1460 1 
1415 1416 1461 1 
1416 1462 1461 1 
1416 1417 1462 1 
1417 1463 1462 1 
1417 1418 1463 1 
1418 1464 1463 1 
1418 1419 1464 1 
1419 1465 1464 1 
1419 1420 1465 1 
1420 1466 1465 1 
1420 1421 1466 1 
1421 1467 1466 1 
1421 1422 1467 1 
1422 1468 1467 1 
1422 1423 1468 1 
1423 1469 1468 1 
1423 1424 1469 1 
1424 1470 1469 1 
1424 1425 1470 1 
1425 1471 1470 1 
1425 1426 1471 1 
1426 1472 1471 1 
1427 1428 1473 1 
1428 1474 1473 1 
1428 1429 1474 1 
1429 1475 1474 1 
1429 1430 1475 1 
1430 1476 1475 1 
1430 1431 1476 1 
1431 1477 1476 1 
1431 1432 1477 1 
1432 1478 1477 1 
1432 1433 1478 1 
1433 1479 1478 1 
1433 1434 1479 1 
1434 1480 1479 1 
1434 1435 1480 1 
1435 1481 1480 1 
1435 1436 1481 1 
1436 1482 1481 1 
1436 1437 1482 1 
1437 1483 1482 1 
1437 1438 1483 1 
1438 1484 1483 1 
1438 1439 1484 1 
1439 1485 1484 1 
1439 1440 1485 1 
1440 1486 1485 1 
1440 1441 1486 1 
1441 1487 1486 1 
1441 1442 1487 1 
1442 1488 1487 1 
1442 1443 1488 1 
1443 1489 1488 1 
1443 1444 1489 1 
1444 1490 1489 1 
1444 1445 1490 1 
1445 1491 1490 1 
1445 1446 1491 1 
1446 1492 1491 1 
1446 1447 1492 1 
1447 1493 1492 1 
1447 1448 1493 1 
1448 1494 1493 1 
1448 1449 1494 1 
1449 1495 1494 1 
1449 1450 1495 1 
1450 1496 1495 1 
1450 1451 1496 1 
1451 1497 1496 1 
1451 1452 1497 1 
1452 1498 1497 1 
1452 1453 1498 1 
1453 1499 1498 1 
1453 1454 1499 1 
1454 1500 1499 1 
1454 1455 1500 1 
1455 1501 1500 1 
1455 1456 1501 1 
1456 1502 1501 1 
1456 1457 1502 1 
1457 1503 1502 1 
1457 1458 1503 1 
1458 1504 1503 1 
1458 1459 1504 1 
1459 1505 1504 1 
1459 1460 1505 1 
1460 1506 1505 1 
1460 1461 1506 1 
1461 1507 1506 1 
1461 1462 1507 1 
1462 1508 1507 1 
1462 1463 1508 1 
1463 1509 1508 1 
1463 1464 1509 1 
1464 1510 1509 1 
1464 1465 1510 1 
1465 1511 1510 1 
1465 1466 1511 1 
1466 1512 1511 1 
1466 1467 1512 1 
1467 1513 1512 1 
1467 1468 1513 1 
1468 1514 1513 1 
1468 1469 1514 1 
1469 1515 1514 1 
1469 1470 1515 1 
1470 1516 1515 1 
1470 1471 1516 1 
1471 1517 1516 1 
1471 1472 1517 1 
1472 1518 1517 1 
1473 1474 1519 1 
1474 1520 1519 1 
1474 1475 1520 1 
1475 1521 1520 1 
1475 1476 1521 1 
1476 1522 1521 1 
1476 1477 1522 1 
1477 1523 1522 1 
1477 1478 1523 1 
1478 1524 1523 1 
1478 1479 1524 1 
1479 1525 1524 1 
1479 1480 1525 1 
1480 1526 1525 1 
1480 1481 1526 1 
1481 1527 1526 1 
1481 1482 1527 1 
1482 1528 1527 1 
1482 1483 1528 1 
1483 1529 1528 1 
1483 1484 1529 1 
1484 1530 1529 1 
1484 1485 1530 1 
1485 1531 1530 1 
1485 1486 1531 1 
1486 1532 1531 1 
1486 1487 1532 1 
1487 1533 1532 1 
1487 1488 1533 1 
1488 1534 1533 1 
1488 1489 1534 1 
1489 1535 1534 1 
1489 1490 1535 1 
1490 1536 1535 1 
1490 1491 1536 1 
1491 1537 1536 1 
1491 1492 1537 1 
1492 1538 1537 1 
1492 1493 1538 1 
1493 1539 1538 1 
1493 1494 1539 1 
1494 1540 1539 1 
1494 1495 1540 1 
1495 1541 1540 1 
1495 1496 1541 1 
1496 1542 1541 1 
1496 1497 1542 1 
1497 1543 1542 1 
1497 1498 1543 1 
1498 1544 1543 1 
1498 1499 1544 1 
1499 1545 1544 1 
1499 1500 1545 1 
1500 1546 1545 1 
1500 1501 1546 1 
1501 1547 1546 1 
1501 1502 1547 1 
1502 1548 1547 1 
1502 1503 1548 1 
1503 1549 1548 1 
1503 1504 1549 1 
1504 1550 1549 1 
1504 1505 1550 1 
1505 1551 1550 1 
1505 1506 1551 1 
1506 1552 1551 1 
1506 1507 1552 1 
1507 1553 1552 1 
1507 1508 1553 1 
1508 1554 1553 1 
1508 1509 1554 1 
1509 1555 1554 1 
1509 1510 1555 1 
1510 1556 1555 1 
1510 1511 1556 1 
1511 1557 1556 1 
1511 1512 1557 1 
1512 1558 1557 1 
1512 1513 1558 1 
1513 1559 1558 1 
1513 1514 1559 1 
1514 1560 1559 1 
1514 1515 1560 1 
1515 1561 1560 1 
1515 1516 1561 1 
1516 1562 1561 1 
1516 1517 1562 1 
1517 1563 1562 1 
1517 1518 1563 1 
1518 1564 1563 1 
1519 1520 1565 1 
1520 1566 1565 1 
1520 1521 1566 1 
1521 1567 1566 1 
1521 1522 1567 1 
1522 1568 1567 1 
1522 1523 1568 1 
1523 1569 1568 1 
1523 1524 1569 1 
1524 1570 1569 1 
1524 1525 1570 1 
1525 1571 1570 1 
1525 1526 1571 1 
1526 1572 1571 1 
1526 1527 1572 1 
1527 1573 1572 1 
1527 1528 1573 1 
1528 1574 1573 1 
1528 1529 1574 1 
1529 1575 1574 1 
1529 1530 1575 1 
1530 1576 1575 1 
1530 1531 1576 1 
1531 1577 1576 1 
1531 1532 1577 1 
1532 1578 1577 1 
1532 1533 1578 1 
1533 1579 1578 1 
1533 1534 1579 1 
1534 1580 1579 1 
1534 1535 1580 1 
1535 1581 1580 1 
1535 1536 1581 1 
1536 1582 1581 1 
1536 1537 1582 1 
1537 1583 1582 1 
1537 1538 1583 1 
1538 1584 1583 1 
1538 1539 1584 1 
1539 1585 1584 1 
1539 1540 1585 1 
1540 1586 1585 1 
1540 1541 1586 1 
1541 1587 1586 1 
1541 1542 1587 1 
1542 1588 1587 1 
1542 1543 1588 1 
1543 1589 1588 1 
1543 1544 1589 1 
1544 1590 1589 1 
1544 1545 1590 1 
1545 1591 1590 1 
1545 1546 1591 1 
1546 1592 1591 1 
1546 1547 1592 1 
1547 1593 1592 1 
1547 1548 1593 1 
1548 1594 1593 1 
1548 1549 1594 1 
1549 1595 1594 1 
1549 1550 1595 1 
1550 1596 1595 1 
1550 1551 1596 1 
1551 1597 1596 1 
1551 1552 1597 1 
1552 1598 1597 1 
1552 1553 1598 1 
1553 1599 1598 1 
1553 1554 1599 1 
1554 1600 1599 1 
1554 1555 1600 1 
1555 1601 1600 1 
1555 1556 1601 1 
1556 1602 1601 1 
1556 1557 1602 1 
1557 1603 1602 1 
1557 1558 1603 1 
1558 1604 1603 1 
1558 1559 1604 1 
1559 1605 1604 1 
1559 1560 1605 1 
1560 1606 1605 1 
1560 1561 1606 1 
1561 1607 1606 1 
1561 1562 1607 1 
1562 1608 1607 1 
1562 1563 1608 1 
1563 1609 1608 1 
1563 1564 1609 1 
1564 1610 1609 1 
1565 1566 1611 1 
1566 1612 1611 1 
1566 1567 1612 1 
1567 1613 1612 1 
1567 1568 1613 1 
1568 1614 1613 1 
1568 1569 1614 1 
1569 1615 1614 1 
1569 1570 1615 1 
1570 1616 1615 1 
1570 1571 1616 1 
1571 1617 1616 1 
1571 1572 1617 1 
1572 1618 1617 1 
1572 1573 1618 1 
1573 1619 1618 1 
1573 1574 1619 1 
1574 1620 1619 1 
1574 1575 1620 1 
1575 1621 1620 1 
1575 1576 1621 1 
1576 1622 1621 1 
1576 1577 1622 1 
1577 1623 1622 1 
1577 1578 1623 1 
1578 1624 1623 1 
1578 1579 1624 1 
1579 1625 1624 1 
1579 1580 1625 1 
1580 1626 1625 1 
1580 1581 1626 1 
1581 1627 1626 1 
1581 1582 1627 1 
1582 1628 1627 1 
1582 1583 1628 1 
1583 1629 1628 1 
1583 1584 1629 1 
1584 1630 1629 1 
1584 1585 1630 1 
1585 1631 1630 1 
1585 1586 1631 1 
1586 1632 1631 1 
1586 1587 1632 1 
1587 1633 1632 1 
1587 1588 1633 1 
1588 1634 1633 1 
1588 1589 1634 1 
1589 1635 1634 1 
1589 1590 1635 1 
1590 1636 1635 1 
1590 1591 1636 1 
1591 1637 1636 1 
1591 1592 1637 1 
1592 1638 1637 1 
1592 1593 1638 1 
1593 1639 1638 1 
1593 1594 1639 1 
1594 1640 1639 1 
1594 1595 1640 1 
1595 1641 1640 1 
1595 1596 1641 1 
1596 1642 1641 1 
1596 1597 1642 1 
1597 1643 1642 1 
1597 1598 1643 1 
1598 1644 1643 1 
1598 1599 1644 1 
1599 1645 1644 1 
1599 1600 1645 1 
1600 1646 1645 1 
1600 1601 1646 1 
1601 1647 1646 1 
1601 1602 1647 1 
1602 1648 1647 1 
1602 1603 1648 1 
1603 1649 1648 1 
1603 1604 1649 1 
1604 1650 1649 1 
1604 1605 1650 1 
1605 1651 1650 1 
1605 1606 1651 1 
1606 1652 1651 1 
1606 1607 1652 1 
1607 1653 1652 1 
1607 1608 1653 1 
1608 1654 1653 1 
1608 1609 1654 1 
1609 1655 1654 1 
1609 1610 1655 1 
1610 1656 1655 1 
1611 1612 1657 1 
1612 1658 1657 1 
1612 1613 1658 1 
1613 1659 1658 1 
1613 1614 1659 1 
1614 1660 1659 1 
1614 1615 1660 1 
1615 1661 1660 1 
1615 1616 1661 1 
1616 1662 1661 1 
1616 1617 1662 1 
1617 1663 1662 1 
1617 1618 1663 1 
1618 1664 1663 1 
1618 1619 1664 1 
1619 1665 1664 1 
1619 1620 1665 1 
1620 1666 1665 1 
1620 1621 1666 1 
1621 1667 1666 1 
1621 1622 1667 1 
1622 1668 1667 1 
1622 1623 1668 1 
1623 1669 1668 1 
1623 1624 1669 1 
1624 1670 1669 1 
1624 1625 1670 1 
1625 1671 1670 1 
1625 1626 1671 1 
1626 1672 1671 1 
1626 1627 1672 1 
1627 1673 1672 1 
1627 1628 1673 1 
1628 1674 1673 1 
1628 1629 1674 1 
1629 1675 1674 1 
1629 1630 1675 1 
1630 1676 1675 1 
1630 1631 1676 1 
1631 1677 1676 1 
1631 1632 1677 1 
1632 1678 1677 1 
1632 1633 1678 1 
1633 1679 1678 1 
1633 1634 1679 1 
1634 1680 1679 1 
1634 1635 1680 1 
1635 1681 1680 1 
1635 1636 1681 1 
1636 1682 1681 1 
1636 1637 1682 1 
1637 1683 1682 1 
1637 1638 1683 1 
1638 1684 1683 1 
1638 1639 1684 1 
1639 1685 1684 1 
1639 1640 1685 1 
1640 1686 1685 1 
1640 1641 1686 1 
1641 1687 1686 1 
1641 1642 1687 1 
1642 1688 1687 1 
1642 1643 1688 1 
1643 1689 1688 1 
1643 1644 1689 1 
1644 1690 1689 1 
1644 1645 1690 1 
1645 1691 1690 1 
1645 1646 1691 1 
1646 1692 1691 1 
1646 1647 1692 1 
1647 1693 1692 1 
1647 1648 1693 1 
1648 1694 1693 1 
1648 1649 1694 1 
1649 1695 1694 1 
1649 1650 1695 1 
1650 1696 1695 1 
1650 1651 1696 1 
1651 1697 1696 1 
1651 1652 1697 1 
1652 1698 1697 1 
1652 1653 1698 1 
1653 1699 1698 1 
1653 1654 1699 1 
1654 1700 1699 1 
1654 1655 1700 1 
1655 1701 1700 1 
1655 1656 1701 1 
1656 1702 1701 1 
1657 1658 1703 1 
1658 1704 1703 1 
1658 1659 1704 1 
1659 1705 1704 1 
1659 1660 1705 1 
1660 1706 1705 1 
1660 1661 1706 1 
1661 1707 1706 1 
1661 1662 1707 1 
1662 1708 1707 1 
1662 1663 1708 1 
1663 1709 1708 1 
1663 1664 1709 1 
1664 1710 1709 1 
1664 1665 1710 1 
1665 1711 1710 1 
1665 1666 1711 1 
1666 1712 1711 1 
1666 1667 1712 1 
1667 1713 1712 1 
1667 1668 1713 1 
1668 1714 1713 1 
1668 1669 1714 1 
1669 1715 1714 1 
1669 1670 1715 1 
1670 1716 1715 1 
1670 1671 1716 1 
1671 1717 1716 1 
1671 1672 1717 1 
1672 1718 1717 1 
1672 1673 1718 1 
1673 1719 1718 1 
1673 1674 1719 1 
1674 1720 1719 1 
1674 1675 1720 1 
1675 1721 1720 1 
1675 1676 1721 1 
1676 1722 1721 1 
1676 1677 1722 1 
1677 1723 1722 1 
1677 1678 1723 1 
1678 1724 1723 1 
1678 1679 1724 1 
1679 1725 1724 1 
1679 1680 1725 1 
1680 1726 1725 1 
1680 1681 1726 1 
1681 1727 1726 1 
1681 1682 1727 1 
1682 1728 1727 1 
1682 1683 1728 1 
1683 1729 1728 1 
1683 1684 1729 1 
1684 1730 1729 1 
1684 1685 1730 1 
1685 1731 1730 1 
1685 1686 1731 1 
1686 1732 1731 1 
1686 1687 1732 1 
1687 1733 1732 1 
1687 1688 1733 1 
1688 1734 1733 1 
1688 1689 1734 1 
1689 1735 1734 1 
1689 1690 1735 1 
1690 1736 1735 1 
1690 1691 1736 1 
1691 1737 1736 1 
1691 1692 1737 1 
1692 1738 1737 1 
1692 1693 1738 1 
1693 1739 1738 1 
1693 1694 1739 1 
1694 1740 1739 1 
1694 1695 1740 1 
1695 1741 1740 1 
1695 1696 1741 1 
1696 1742 1741 1 
1696 1697 1742 1 
1697 1743 1742 1 
1697 1698 1743 1 
1698 1744 1743 1 
1698 1699 1744 1 
1699 1745 1744 1 
1699 1700 1745 1 
1700 1746 1745 1 
1700 1701 1746 1 
1701 1747 1746 1 
1701 1702 1747 1 
1702 1748 1747 1 
1703 1704 1749 1 
1704 1750 1749 1 
1704 1705 1750 1 
1705 1751 1750 1 
1705 1706 1751 1 
1706 1752 1751 1 
1706 1707 1752 1 
1707 1753 1752 1 
1707 1708 1753 1 
1708 1754 1753 1 
1708 1709 1754 1 
1709 1755 1754 1 
1709 1710 1755 1 
1710 1756 1755 1 
1710 1711 1756 1 
1711 1757 1756 1 
1711 1712 1757 1 
1712 1758 1757 1 
1712 1713 1758 1 
1713 1759 1758 1 
1713 1714 1759 1 
1714 1760 1759 1 
1714 1715 1760 1 
1715 1761 1760 1 
1715 1716 1761 1 
1716 1762 1761 1 
1716 1717 1762 1 
1717 1763 1762 1 
1717 1718 1763 1 
1718 1764 1763 1 
1718 1719 1764 1 
1719 1765 1764 1 
1719 1720 1765 1 
1720 1766 1765 1 
1720 1721 1766 1 
1721 1767 1766 1 
1721 1722 1767 1 
1722 1768 1767 1 
1722 1723 1768 1 
1723 1769 1768 1 
1723 1724 1769 1 
1724 1770 1769 1 
1724 1725 1770 1 
1725 1771 1770 1 
1725 1726 1771 1 
1726 1772 1771 1 
1726 1727 1772 1 
1727 1773 1772 1 
1727 1728 1773 1 
1728 1774 1773 1 
1728 1729 1774 1 
1729 1775 1774 1 
1729 1730 1775 1 
1730 1776 1775 1 
1730 1731 1776 1 
1731 1777 1776 1 
1731 1732 1777 1 
1732 1778 1777 1 
1732 1733 1778 1 
1733 1779 1778 1 
1733 1734 1779 1 
1734 1780 1779 1 
1734 1735 1780 1 
1735 1781 1780 1 
1735 1736 1781 1 
1736 1782 1781 1 
1736 1737 1782 1 
1737 1783 1782 1 
1737 1738 1783 1 
1738 1784 1783 1 
1738 1739 1784 1 
1739 1785 1784 1 
1739 1740 1785 1 
1740 1786 1785 1 
1740 1741 1786 1 
1741 1787 1786 1 
1741 1742 1787 1 
1742 1788 1787 1 
1742 1743 1788 1 
1743 1789 1788 1 
1743 1744 1789 1 
1744 1790 1789 1 
1744 1745 1790 1 
1745 1791 1790 1 
1745 1746 1791 1 
1746 1792 1791 1 
1746 1747 1792 1 
1747 1793 1792 1 
1747 1748 1793 1 
1748 1794 1793 1 
1749 1750 1795 1 
1750 1796 1795 1 
1750 1751 1796 1 
1751 1797 1796 1 
1751 1752 1797 1 
1752 1798 1797 1 
1752 1753 1798 1 
1753 1799 1798 1 
1753 1754 1799 1 
1754 1800 1799 1 
1754 1755 1800 1 
1755 1801 1800 1 
1755 1756 1801 1 
1756 1802 1801 1 
1756 1757 1802 1 
1757 1803 1802 1 
1757 1758 1803 1 
1758 1804 1803 1 
1758 1759 1804 1 
1759 1805 1804 1 
1759 1760 1805 1 
1760 1806 1805 1 
1760 1761 1806 1 
1761 1807 1806 1 
1761 1762 1807 1 
1762 1808 1807 1 
1762 1763 1808 1 
1763 1809 1808 1 
1763 1764 1809 1 
1764 1810 1809 1 
1764 1765 1810 1 
1765 1811 1810 1 
1765 1766 1811 1 
1766 1812 1811 1 
1766 1767 1812 1 
1767 1813 1812 1 
1767 1768 1813 1 
1768 1814 1813 1 
1768 1769 1814 1 
1769 1815 1814 1 
1769 1770 1815 1 
1770 1816 1815 1 
1770 1771 1816 1 
1771 1817 1816 1 
1771 1772 1817 1 
1772 1818 1817 1 
1772 1773 1818 1 
1773 1819 1818 1 
1773 1774 1819 1 
1774 1820 1819 1 
1774 1775 1820 1 
1775 1821 1820 1 
1775 1776 1821 1 
1776 1822 1821 1 
1776 1777 1822 1 
1777 1823 1822 1 
1777 1778 1823 1 
1778 1824 1823 1 
1778 1779 1824 1 
1779 1825 1824 1 
1779 1780 1825 1 
1780 1826 1825 1 
1780 1781 1826 1 
1781 1827 1826 1 
1781 1782 1827 1 
1782 1828 1827 1 
1782 1783 1828 1 
1783 1829 1828 1 
1783 1784 1829 1 
1784 1830 1829 1 
1784 1785 1830 1 
1785 1831 1830 1 
1785 1786 1831 1 
1786 1832 1831 1 
1786 1787 1832 1 
1787 1833 1832 1 
1787 1788 1833 1 
1788 1834 1833 1 
1788 1789 1834 1 
1789 1835 1834 1 
1789 1790 1835 1 
1790 1836 1835 1 
1790 1791 1836 1 
1791 1837 1836 1 
1791 1792 1837 1 
1792 1838 1837 1 
1792 1793 1838 1 
1793 1839 1838 1 
1793 1794 1839 1 
1794 1840 1839 1 
1795 1796 1841 1 
1796 1842 1841 1 
1796 1797 1842 1 
1797 1843 1842 1 
1797 1798 1843 1 
1798 1844 1843 1 
1798 1799 1844 1 
1799 1845 1844 1 
1799 1800 1845 1 
1800 1846 1845 1 
1800 1801 1846 1 
1801 1847 1846 1 
1801 1802 1847 1 
1802 1848 1847 1 
1802 1803 1848 1 
1803 1849 1848 1 
1803 1804 1849 1 
1804 1850 1849 1 
1804 1805 1850 1 
1805 1851 1850 1 
1805 1806 1851 1 
1806 1852 1851 1 
1806 1807 1852 1 
1807 1853 1852 1 
1807 1808 1853 1 
1808 1854 1853 1 
1808 1809 1854 1 
1809 1855 1854 1 
1809 1810 1855 1 
1810 1856 1855 1 
1810 1811 1856 1 
1811 1857 1856 1 
1811 1812 1857 1 
1812 1858 1857 1 
1812 1813 1858 1 
1813 1859 1858 1 
1813 1814 1859 1 
1814 1860 1859 1 
1814 1815 1860 1 
1815 1861 1860 1 
1815 1816 1861 1 
1816 1862 1861 1 
1816 1817 1862 1 
1817 1863 1862 1 
1817 1818 1863 1 
1818 1864 1863 1 
1818 1819 1864 1 
1819 1865 1864 1 
1819 1820 1865 1 
1820 1866 1865 1 
1820 1821 1866 1 
1821 1867 1866 1 
1821 1822 1867 1 
1822 1868 1867 1 
1822 1823 1868 1 
1823 1869 1868 1 
1823 1824 1869 1 
1824 1870 1869 1 
1824 1825 1870 1 
1825 1871 1870 1 
1825 1826 1871 1 
1826 1872 1871 1 
1826 1827 1872 1 
1827 1873 1872 1 
1827 1828 1873 1 
1828 1874 1873 1 
1828 1829 1874 1 
1829 1875 1874 1 
1829 1830 1875 1 
1830 1876 1875 1 
1830 1831 1876 1 
1831 1877 1876 1 
1831 1832 1877 1 
1832 1878 1877 1 
1832 1833 1878 1 
1833 1879 1878 1 
1833 1834 1879 1 
1834 1880 1879 1 
1834 1835 1880 1 
1835 1881 1880 1 
1835 1836 1881 1 
1836 1882 1881 1 
1836 1837 1882 1 
1837 1883 1882 1 
1837 1838 1883 1 
1838 1884 1883 1 
1838 1839 1884 1 
1839 1885 1884 1 
1839 1840 1885 1 
1840 1886 1885 1 
1841 1842 1887 1 
1842 1888 1887 1 
1842 1843 1888 1 
1843 1889 1888 1 
1843 1844 1889 1 
1844 1890 1889 1 
1844 1845 1890 1 
1845 1891 1890 1 
1845 1846 1891 1 
1846 1892 1891 1 
1846 1847 1892 1 
1847 1893 1892 1 
1847 1848 1893 1 
1848 1894 1893 1 
1848 1849 1894 1 
1849 1895 1894 1 
1849 1850 1895 1 
1850 1896 1895 1 
1850 1851 1896 1 
1851 1897 1896 1 
1851 1852 1897 1 
1852 1898 1897 1 
1852 1853 1898 1 
1853 1899 1898 1 
1853 1854 1899 1 
1854 1900 1899 1 
1854 1855 1900 1 
1855 1901 1900 1 
1855 1856 1901 1 
1856 1902 1901 1 
1856 1857 1902 1 
1857 1903 1902 1 
1857 1858 1903 1 
1858 1904 1903 1 
1858 1859 1904 1 
1859 1905 1904 1 
1859 1860 1905 1 
1860 1906 1905 1 
1860 1861 1906 1 
1861 1907 1906 1 
1861 1862 1907 1 
1862 1908 1907 1 
1862 1863 1908 1 
1863 1909 1908 1 
1863 1864 1909 1 
1864 1910 1909 1 
1864 1865 1910 1 
1865 1911 1910 1 
1865 1866 1911 1 
1866 1912 1911 1 
1866 1867 1912 1 
1867 1913 1912 1 
1867 1868 1913 1 
1868 1914 1913 1 
1868 1869 1914 1 
1869 1915 1914 1 
1869 1870 1915 1 
1870 1916 1915 1 
1870 1871 1916 1 
1871 1917 1916 1 
1871 1872 1917 1 
1872 1918 1917 1 
1872 1873 1918 1 
1873 1919 1918 1 
1873 1874 1919 1 
1874 1920 1919 1 
1874 1875 1920 1 
1875 1921 1920 1 
1875 1876 1921 1 
1876 1922 1921 1 
1876 1877 1922 1 
1877 1923 1922 1 
1877 1878 1923 1 
1878 1924 1923 1 
1878 1879 1924 1 
1879 1925 1924 1 
1879 1880 1925 1 
1880 1926 1925 1 
1880 1881 1926 1 
1881 1927 1926 1 
1881 1882 1927 1 
1882 1928 1927 1 
1882 1883 1928 1 
1883 1929 1928 1 
1883 1884 1929 1 
1884 1930 1929 1 
1884 1885 1930 1 
1885 1931 1930 1 
1885 1886 1931 1 
1886 1932 1931 1 
1887 1888 1933 1 
1888 1934 1933 1 
1888 1889 1934 1 
1889 1935 1934 1 
1889 1890 1935 1 
1890 1936 1935 1 
1890 1891 1936 1 
1891 1937 1936 1 
1891 1892 1937 1 
1892 1938 1937 1 
1892 1893 1938 1 
1893 1939 1938 1 
1893 1894 1939 1 
1894 1940 1939 1 
1894 1895 1940 1 
1895 1941 1940 1 
1895 1896 1941 1 
1896 1942 1941 1 
1896 1897 1942 1 
1897 1943 1942 1 
1897 1898 1943 1 
1898 1944 1943 1 
1898 1899 1944 1 
1899 1945 1944 1 
1899 1900 1945 1 
1900 1946 1945 1 
1900 1901 1946 1 
1901 1947 1946 1 
1901 1902 1947 1 
1902 1948 1947 1 
1902 1903 1948 1 
1903 1949 1948 1 
1903 1904 1949 1 
1904 1950 1949 1 
1904 1905 1950 1 
1905 1951 1950 1 
1905 1906 1951 1 
1906 1952 1951 1 
1906 1907 1952 1 
1907 1953 1952 1 
1907 1908 1953 1 
1908 1954 1953 1 
1908 1909 1954 1 
1909 1955 1954 1 
1909 1910 1955 1 
1910 1956 1955 1 
1910 1911 1956 1 
1911 1957 1956 1 
1911 1912 1957 1 
1912 1958 1957 1 
1912 1913 1958 1 
1913 1959 1958 1 
1913 1914 1959 1 
1914 1960 1959 1 
1914 1915 1960 1 
1915 1961 1960 1 
1915 1916 1961 1 
1916 1962 1961 1 
1916 1917 1962 1 
1917 1963 1962 1 
1917 1918 1963 1 
1918 1964 1963 1 
1918 1919 1964 1 
1919 1965 1964 1 
1919 1920 1965 1 
1920 1966 1965 1 
1920 1921 1966 1 
1921 1967 1966 1 
1921 1922 1967 1 
1922 1968 1967 1 
1922 1923 1968 1 
1923 1969 1968 1 
1923 1924 1969 1 
1924 1970 1969 1 
1924 1925 1970 1 
1925 1971 1970 1 
1925 1926 1971 1 
1926 1972 1971 1 
1926 1927 1972 1 
1927 1973 1972 1 
1927 1928 1973 1 
1928 1974 1973 1 
1928 1929 1974 1 
1929 1975 1974 1 
1929 1930 1975 1 
1930 1976 1975 1 
1930 1931 1976 1 
1931 1977 1976 1 
1931 1932 1977 1 
1932 1978 1977 1 
1933 1934 1979 1 
1934 1980 1979 1 
1934 1935 1980 1 
1935 1981 1980 1 
1935 1936 1981 1 
1936 1982 1981 1 
1936 1937 1982 1 
1937 1983 1982 1 
1937 1938 1983 1 
1938 1984 1983 1 
1938 1939 1984 1 
1939 1985 1984 1 
1939 1940 1985 1 
1940 1986 1985 1 
1940 1941 1986 1 
1941 1987 1986 1 
1941 1942 1987 1 
1942 1988 1987 1 
1942 1943 1988 1 
1943 1989 1988 1 
1943 1944 1989 1 
1944 1990 1989 1 
1944 1945 1990 1 
1945 1991 1990 1 
1945 1946 1991 1 
1946 1992 1991 1 
1946 1947 1992 1 
1947 1993 1992 1 
1947 1948 1993 1 
1948 1994 1993 1 
1948 1949 1994 1 
1949 1995 1994 1 
1949 1950 1995 1 
1950 1996 1995 1 
1950 1951 1996 1 
1951 1997 1996 1 
1951 1952 1997 1 
1952 1998 1997 1 
1952 1953 1998 1 
1953 1999 1998 1 
1953 1954 1999 1 
1954 2000 1999 1 
1954 1955 2000 1 
1955 2001 2000 1 
1955 1956 2001 1 
1956 2002 2001 1 
1956 1957 2002 1 
1957 2003 2002 1 
1957 1958 2003 1 
1958 2004 2003 1 
1958 1959 2004 1 
1959 2005 2004 1 
1959 1960 2005 1 
1960 2006 2005 1 
1960 1961 2006 1 
1961 2007 2006 1 
1961 1962 2007 1 
1962 2008 2007 1 
1962 1963 2008 1 
1963 2009 2008 1 
1963 1964 2009 1 
1964 2010 2009 1 
1964 1965 2010 1 
1965 2011 2010 1 
1965 1966 2011 1 
1966 2012 2011 1 
1966 1967 2012 1 
1967 2013 2012 1 
1967 1968 2013 1 
1968 2014 2013 1 
1968 1969 2014 1 
1969 2015 2014 1 
1969 1970 2015 1 
1970 2016 2015 1 
1970 1971 2016 1 
1971 2017 2016 1 
1971 1972 2017 1 
1972 2018 2017 1 
1972 1973 2018 1 
1973 2019 2018 1 
1973 1974 2019 1 
1974 2020 2019 1 
1974 1975 2020 1 
1975 2021 2020 1 
1975 1976 2021 1 
1976 2022 2021 1 
1976 1977 2022 1 
1977 2023 2022 1 
1977 1978 2023 1 
1978 2024 2023 1 
1979 1980 2025 1 
1980 2026 2025 1 
1980 1981 2026 1 
1981 2027 2026 1 
1981 1982 2027 1 
1982 2028 2027 1 
1982 1983 2028 1 
1983 2029 2028 1 
1983 1984 2029 1 
1984 2030 2029 1 
1984 1985 2030 1 
1985 2031 2030 1 
1985 1986 2031 1 
1986 2032 2031 1 
1986 1987 2032 1 
1987 2033 2032 1 
1987 1988 2033 1 
1988 2034 2033 1 
1988 1989 2034 1 
1989 2035 2034 1 
1989 1990 2035 1 
1990 2036 2035 1 
1990 1991 2036 1 
1991 2037 2036 1 
1991 1992 2037 1 
1992 2038 2037 1 
1992 1993 2038 1 
1993 2039 2038 1 
1993 1994 2039 1 
1994 2040 2039 1 
1994 1995 2040 1 
1995 2041 2040 1 
1995 1996 2041 1 
1996 2042 2041 1 
1996 1997 2042 1 
1997 2043 2042 1 
1997 1998 2043 1 
1998 2044 2043 1 
1998 1999 2044 1 
1999 2045 2044 1 
1999 2000 2045 1 
2000 2046 2045 1 
2000 2001 2046 1 
2001 2047 2046 1 
2001 2002 2047 1 
2002 2048 2047 1 
2002 2003 2048 1 
2003 2049 2048 1 
2003 2004 2049 1 
2004 2050 2049 1 
2004 2005 2050 1 
2005 2051 2050 1 
2005 2006 2051 1 
2006 2052 2051 1 
2006 2007 2052 1 
2007 2053 2052 1 
2007 2008 2053 1 
2008 2054 2053 1 
2008 2009 2054 1 
2009 2055 2054 1 
2009 2010 2055 1 
2010 2056 2055 1 
2010 2011 2056 1 
2011 2057 2056 1 
2011 2012 2057 1 
2012 2058 2057 1 
2012 2013 2058 1 
2013 2059 2058 1 
2013 2014 2059 1 
2014 2060 2059 1 
2014 2015 2060 1 
2015 2061 2060 1 
2015 2016 2061 1 
2016 2062 2061 1 
2016 2017 2062 1 
2017 2063 2062 1 
2017 2018 2063 1 
2018 2064 2063 1 
2018 2019 2064 1 
2019 2065 2064 1 
2019 2020 2065 1 
2020 2066 2065 1 
2020 2021 2066 1 
2021 2067 2066 1 
2021 2022 2067 1 
2022 2068 2067 1 
2022 2023 2068 1 
2023 2069 2068 1 
2023 2024 2069 1 
2024 2070 2069 1 
2025 2026 2071 1 
2026 2072 2071 1 
2026 2027 2072 1 
2027 2073 2072 1 
2027 2028 2073 1 
2028 2074 2073 1 
2028 2029 2074 1 
2029 2075 2074 1 
2029 2030 2075 1 
2030 2076 2075 1 
2030 2031 2076 1 
2031 2077 2076 1 
2031 2032 2077 1 
2032 2078 2077 1 
2032 2033 2078 1 
2033 2079 2078 1 
2033 2034 2079 1 
2034 2080 2079 1 
2034 2035 2080 1 
2035 2081 2080 1 
2035 2036 2081 1 
2036 2082 2081 1 
2036 2037 2082 1 
2037 2083 2082 1 
2037 2038 2083 1 
2038 2084 2083 1 
2038 2039 2084 1 
2039 2085 2084 1 
2039 2040 2085 1 
2040 2086 2085 1 
2040 2041 2086 1 
2041 2087 2086 1 
2041 2042 2087 1 
2042 2088 2087 1 
2042 2043 2088 1 
2043 2089 2088 1 
2043 2044 2089 1 
2044 2090 2089 1 
2044 2045 2090 1 
2045 2091 2090 1 
2045 2046 2091 1 
2046 2092 2091 1 
2046 2047 2092 1 
2047 2093 2092 1 
2047 2048 2093 1 
2048 2094 2093 1 
2048 2049 2094 1 
2049 2095 2094 1 
2049 2050 2095 1 
2050 2096 2095 1 
2050 2051 2096 1 
2051 2097 2096 1 
2051 2052 2097 1 
2052 2098 2097 1 
2052 2053 2098 1 
2053 2099 2098 1 
2053 2054 2099 1 
2054 2100 2099 1 
2054 2055 2100 1 
2055 2101 2100 1 
2055 2056 2101 1 
2056 2102 2101 1 
2056 2057 2102 1 
2057 2103 2102 1 
2057 2058 2103 1 
2058 2104 2103 1 
2058 2059 2104 1 
2059 2105 2104 1 
2059 2060 2105 1 
2060 2106 2105 1 
2060 2061 2106 1 
2061 2107 2106 1 
2061 2062 2107 1 
2062 2108 2107 1 
2062 2063 2108 1 
2063 2109 2108 1 
2063 2064 2109 1 
2064 2110 2109 1 
2064 2065 2110 1 
2065 2111 2110 1 
2065 2066 2111 1 
2066 2112 2111 1 
2066 2067 2112 1 
2067 2113 2112 1 
2067 2068 2113 1 
2068 2114 2113 1 
2068 2069 2114 1 
2069 2115 2114 1 
2069 2070 2115 1 
2070 2116 2115 1 