1 2 32 1 
2 33 32 1 
2 3 33 1 
3 34 33 1 
3 4 34 1 
4 35 34 1 
4 5 35 1 
5 36 35 1 
5 6 36 1 
6 37 36 1 
6 7 37 1 
7 38 37 1 
7 8 38 1 
8 39 38 1 
8 9 39 1 
9 40 39 1 
9 10 40 1 
10 41 40 1 
10 11 41 1 
11 42 41 1 
11 12 42 1 
12 43 42 1 
12 13 43 1 
13 44 43 1 
13 14 44 1 
14 45 44 1 
14 15 45 1 
15 46 45 1 
15 16 46 1 
16 47 46 1 
16 17 47 1 
17 48 47 1 
17 18 48 1 
18 49 48 1 
18 19 49 1 
19 50 49 1 
19 20 50 1 
20 51 50 1 
20 21 51 1 
21 52 51 1 
21 22 52 1 
22 53 52 1 
22 23 53 1 
23 54 53 1 
23 24 54 1 
24 55 54 1 
24 25 55 1 
25 56 55 1 
25 26 56 1 
26 57 56 1 
26 27 57 1 
27 58 57 1 
27 28 58 1 
28 59 58 1 
28 29 59 1 
29 60 59 1 
29 30 60 1 
30 61 60 1 
30 31 61 1 
31 62 61 1 
32 33 63 1 
33 64 63 1 
33 34 64 1 
34 65 64 1 
34 35 65 1 
35 66 65 1 
35 36 66 1 
36 67 66 1 
36 37 67 1 
37 68 67 1 
37 38 68 1 
38 69 68 1 
38 39 69 1 
39 70 69 1 
39 40 70 1 
40 71 70 1 
40 41 71 1 
41 72 71 1 
41 42 72 1 
42 73 72 1 
42 43 73 1 
43 74 73 1 
43 44 74 1 
44 75 74 1 
44 45 75 1 
45 76 75 1 
45 46 76 1 
46 77 76 1 
46 47 77 1 
47 78 77 1 
47 48 78 1 
48 79 78 1 
48 49 79 1 
49 80 79 1 
49 50 80 1 
50 81 80 1 
50 51 81 1 
51 82 81 1 
51 52 82 1 
52 83 82 1 
52 53 83 1 
53 84 83 1 
53 54 84 1 
54 85 84 1 
54 55 85 1 
55 86 85 1 
55 56 86 1 
56 87 86 1 
56 57 87 1 
57 88 87 1 
57 58 88 1 
58 89 88 1 
58 59 89 1 
59 90 89 1 
59 60 90 1 
60 91 90 1 
60 61 91 1 
61 92 91 1 
61 62 92 1 
62 93 92 1 
63 64 94 1 
64 95 94 1 
64 65 95 1 
65 96 95 1 
65 66 96 1 
66 97 96 1 
66 67 97 1 
67 98 97 1 
67 68 98 1 
68 99 98 1 
68 69 99 1 
69 100 99 1 
69 70 100 1 
70 101 100 1 
70 71 101 1 
71 102 101 1 
71 72 102 1 
72 103 102 1 
72 73 103 1 
73 104 103 1 
73 74 104 1 
74 105 104 1 
74 75 105 1 
75 106 105 1 
75 76 106 1 
76 107 106 1 
76 77 107 1 
77 108 107 1 
77 78 108 1 
78 109 108 1 
78 79 109 1 
79 110 109 1 
79 80 110 1 
80 111 110 1 
80 81 111 1 
81 112 111 1 
81 82 112 1 
82 113 112 1 
82 83 113 1 
83 114 113 1 
83 84 114 1 
84 115 114 1 
84 85 115 1 
85 116 115 1 
85 86 116 1 
86 117 116 1 
86 87 117 1 
87 118 117 1 
87 88 118 1 
88 119 118 1 
88 89 119 1 
89 120 119 1 
89 90 120 1 
90 121 120 1 
90 91 121 1 
91 122 121 1 
91 92 122 1 
92 123 122 1 
92 93 123 1 
93 124 123 1 
94 95 125 1 
95 126 125 1 
95 96 126 1 
96 127 126 1 
96 97 127 1 
97 128 127 1 
97 98 128 1 
98 129 128 1 
98 99 129 1 
99 130 129 1 
99 100 130 1 
100 131 130 1 
100 101 131 1 
101 132 131 1 
101 102 132 1 
102 133 132 1 
102 103 133 1 
103 134 133 1 
103 104 134 1 
104 135 134 1 
104 105 135 1 
105 136 135 1 
105 106 136 1 
106 137 136 1 
106 107 137 1 
107 138 137 1 
107 108 138 1 
108 139 138 1 
108 109 139 1 
109 140 139 1 
109 110 140 1 
110 141 140 1 
110 111 141 1 
111 142 141 1 
111 112 142 1 
112 143 142 1 
112 113 143 1 
113 144 143 1 
113 114 144 1 
114 145 144 1 
114 115 145 1 
115 146 145 1 
115 116 146 1 
116 147 146 1 
116 117 147 1 
117 148 147 1 
117 118 148 1 
118 149 148 1 
118 119 149 1 
119 150 149 1 
119 120 150 1 
120 151 150 1 
120 121 151 1 
121 152 151 1 
121 122 152 1 
122 153 152 1 
122 123 153 1 
123 154 153 1 
123 124 154 1 
124 155 154 1 
125 126 156 1 
126 157 156 1 
126 127 157 1 
127 158 157 1 
127 128 158 1 
128 159 158 1 
128 129 159 1 
129 160 159 1 
129 130 160 1 
130 161 160 1 
130 131 161 1 
131 162 161 1 
131 132 162 1 
132 163 162 1 
132 133 163 1 
133 164 163 1 
133 134 164 1 
134 165 164 1 
134 135 165 1 
135 166 165 1 
135 136 166 1 
136 167 166 1 
136 137 167 1 
137 168 167 1 
137 138 168 1 
138 169 168 1 
138 139 169 1 
139 170 169 1 
139 140 170 1 
140 171 170 1 
140 141 171 1 
141 172 171 1 
141 142 172 1 
142 173 172 1 
142 143 173 1 
143 174 173 1 
143 144 174 1 
144 175 174 1 
144 145 175 1 
145 176 175 1 
145 146 176 1 
146 177 176 1 
146 147 177 1 
147 178 177 1 
147 148 178 1 
148 179 178 1 
148 149 179 1 
149 180 179 1 
149 150 180 1 
150 181 180 1 
150 151 181 1 
151 182 181 1 
151 152 182 1 
152 183 182 1 
152 153 183 1 
153 184 183 1 
153 154 184 1 
154 185 184 1 
154 155 185 1 
155 186 185 1 
156 157 187 1 
157 188 187 1 
157 158 188 1 
158 189 188 1 
158 159 189 1 
159 190 189 1 
159 160 190 1 
160 191 190 1 
160 161 191 1 
161 192 191 1 
161 162 192 1 
162 193 192 1 
162 163 193 1 
163 194 193 1 
163 164 194 1 
164 195 194 1 
164 165 195 1 
165 196 195 1 
165 166 196 1 
166 197 196 1 
166 167 197 1 
167 198 197 1 
167 168 198 1 
168 199 198 1 
168 169 199 1 
169 200 199 1 
169 170 200 1 
170 201 200 1 
170 171 201 1 
171 202 201 1 
171 172 202 1 
172 203 202 1 
172 173 203 1 
173 204 203 1 
173 174 204 1 
174 205 204 1 
174 175 205 1 
175 206 205 1 
175 176 206 1 
176 207 206 1 
176 177 207 1 
177 208 207 1 
177 178 208 1 
178 209 208 1 
178 179 209 1 
179 210 209 1 
179 180 210 1 
180 211 210 1 
180 181 211 1 
181 212 211 1 
181 182 212 1 
182 213 212 1 
182 183 213 1 
183 214 213 1 
183 184 214 1 
184 215 214 1 
184 185 215 1 
185 216 215 1 
185 186 216 1 
186 217 216 1 
187 188 218 1 
188 219 218 1 
188 189 219 1 
189 220 219 1 
189 190 220 1 
190 221 220 1 
190 191 221 1 
191 222 221 1 
191 192 222 1 
192 223 222 1 
192 193 223 1 
193 224 223 1 
193 194 224 1 
194 225 224 1 
194 195 225 1 
195 226 225 1 
195 196 226 1 
196 227 226 1 
196 197 227 1 
197 228 227 1 
197 198 228 1 
198 229 228 1 
198 199 229 1 
199 230 229 1 
199 200 230 1 
200 231 230 1 
200 201 231 1 
201 232 231 1 
201 202 232 1 
202 233 232 1 
202 203 233 1 
203 234 233 1 
203 204 234 1 
204 235 234 1 
204 205 235 1 
205 236 235 1 
205 206 236 1 
206 237 236 1 
206 207 237 1 
207 238 237 1 
207 208 238 1 
208 239 238 1 
208 209 239 1 
209 240 239 1 
209 210 240 1 
210 241 240 1 
210 211 241 1 
211 242 241 1 
211 212 242 1 
212 243 242 1 
212 213 243 1 
213 244 243 1 
213 214 244 1 
214 245 244 1 
214 215 245 1 
215 246 245 1 
215 216 246 1 
216 247 246 1 
216 217 247 1 
217 248 247 1 
218 219 249 1 
219 250 249 1 
219 220 250 1 
220 251 250 1 
220 221 251 1 
221 252 251 1 
221 222 252 1 
222 253 252 1 
222 223 253 1 
223 254 253 1 
223 224 254 1 
224 255 254 1 
224 225 255 1 
225 256 255 1 
225 226 256 1 
226 257 256 1 
226 227 257 1 
227 258 257 1 
227 228 258 1 
228 259 258 1 
228 229 259 1 
229 260 259 1 
229 230 260 1 
230 261 260 1 
230 231 261 1 
231 262 261 1 
231 232 262 1 
232 263 262 1 
232 233 263 1 
233 264 263 1 
233 234 264 1 
234 265 264 1 
234 235 265 1 
235 266 265 1 
235 236 266 1 
236 267 266 1 
236 237 267 1 
237 268 267 1 
237 238 268 1 
238 269 268 1 
238 239 269 1 
239 270 269 1 
239 240 270 1 
240 271 270 1 
240 241 271 1 
241 272 271 1 
241 242 272 1 
242 273 272 1 
242 243 273 1 
243 274 273 1 
243 244 274 1 
244 275 274 1 
244 245 275 1 
245 276 275 1 
245 246 276 1 
246 277 276 1 
246 247 277 1 
247 278 277 1 
247 248 278 1 
248 279 278 1 
249 250 280 1 
250 281 280 1 
250 251 281 1 
251 282 281 1 
251 252 282 1 
252 283 282 1 
252 253 283 1 
253 284 283 1 
253 254 284 1 
254 285 284 1 
254 255 285 1 
255 286 285 1 
255 256 286 1 
256 287 286 1 
256 257 287 1 
257 288 287 1 
257 258 288 1 
258 289 288 1 
258 259 289 1 
259 290 289 1 
259 260 290 1 
260 291 290 1 
260 261 291 1 
261 292 291 1 
261 262 292 1 
262 293 292 1 
262 263 293 1 
263 294 293 1 
263 264 294 1 
264 295 294 1 
264 265 295 1 
265 296 295 1 
265 266 296 1 
266 297 296 1 
266 267 297 1 
267 298 297 1 
267 268 298 1 
268 299 298 1 
268 269 299 1 
269 300 299 1 
269 270 300 1 
270 301 300 1 
270 271 301 1 
271 302 301 1 
271 272 302 1 
272 303 302 1 
272 273 303 1 
273 304 303 1 
273 274 304 1 
274 305 304 1 
274 275 305 1 
275 306 305 1 
275 276 306 1 
276 307 306 1 
276 277 307 1 
277 308 307 1 
277 278 308 1 
278 309 308 1 
278 279 309 1 
279 310 309 1 
280 281 311 1 
281 312 311 1 
281 282 312 1 
282 313 312 1 
282 283 313 1 
283 314 313 1 
283 284 314 1 
284 315 314 1 
284 285 315 1 
285 316 315 1 
285 286 316 1 
286 317 316 1 
286 287 317 1 
287 318 317 1 
287 288 318 1 
288 319 318 1 
288 289 319 1 
289 320 319 1 
289 290 320 1 
290 321 320 1 
290 291 321 1 
291 322 321 1 
291 292 322 1 
292 323 322 1 
292 293 323 1 
293 324 323 1 
293 294 324 1 
294 325 324 1 
294 295 325 1 
295 326 325 1 
295 296 326 1 
296 327 326 1 
296 297 327 1 
297 328 327 1 
297 298 328 1 
298 329 328 1 
298 299 329 1 
299 330 329 1 
299 300 330 1 
300 331 330 1 
300 301 331 1 
301 332 331 1 
301 302 332 1 
302 333 332 1 
302 303 333 1 
303 334 333 1 
303 304 334 1 
304 335 334 1 
304 305 335 1 
305 336 335 1 
305 306 336 1 
306 337 336 1 
306 307 337 1 
307 338 337 1 
307 308 338 1 
308 339 338 1 
308 309 339 1 
309 340 339 1 
309 310 340 1 
310 341 340 1 
311 312 342 1 
312 343 342 1 
312 313 343 1 
313 344 343 1 
313 314 344 1 
314 345 344 1 
314 315 345 1 
315 346 345 1 
315 316 346 1 
316 347 346 1 
316 317 347 1 
317 348 347 1 
317 318 348 1 
318 349 348 1 
318 319 349 1 
319 350 349 1 
319 320 350 1 
320 351 350 1 
320 321 351 1 
321 352 351 1 
321 322 352 1 
322 353 352 1 
322 323 353 1 
323 354 353 1 
323 324 354 1 
324 355 354 1 
324 325 355 1 
325 356 355 1 
325 326 356 1 
326 357 356 1 
326 327 357 1 
327 358 357 1 
327 328 358 1 
328 359 358 1 
328 329 359 1 
329 360 359 1 
329 330 360 1 
330 361 360 1 
330 331 361 1 
331 362 361 1 
331 332 362 1 
332 363 362 1 
332 333 363 1 
333 364 363 1 
333 334 364 1 
334 365 364 1 
334 335 365 1 
335 366 365 1 
335 336 366 1 
336 367 366 1 
336 337 367 1 
337 368 367 1 
337 338 368 1 
338 369 368 1 
338 339 369 1 
339 370 369 1 
339 340 370 1 
340 371 370 1 
340 341 371 1 
341 372 371 1 
342 343 373 1 
343 374 373 1 
343 344 374 1 
344 375 374 1 
344 345 375 1 
345 376 375 1 
345 346 376 1 
346 377 376 1 
346 347 377 1 
347 378 377 1 
347 348 378 1 
348 379 378 1 
348 349 379 1 
349 380 379 1 
349 350 380 1 
350 381 380 1 
350 351 381 1 
351 382 381 1 
351 352 382 1 
352 383 382 1 
352 353 383 1 
353 384 383 1 
353 354 384 1 
354 385 384 1 
354 355 385 1 
355 386 385 1 
355 356 386 1 
356 387 386 1 
356 357 387 1 
357 388 387 1 
357 358 388 1 
358 389 388 1 
358 359 389 1 
359 390 389 1 
359 360 390 1 
360 391 390 1 
360 361 391 1 
361 392 391 1 
361 362 392 1 
362 393 392 1 
362 363 393 1 
363 394 393 1 
363 364 394 1 
364 395 394 1 
364 365 395 1 
365 396 395 1 
365 366 396 1 
366 397 396 1 
366 367 397 1 
367 398 397 1 
367 368 398 1 
368 399 398 1 
368 369 399 1 
369 400 399 1 
369 370 400 1 
370 401 400 1 
370 371 401 1 
371 402 401 1 
371 372 402 1 
372 403 402 1 
373 374 404 1 
374 405 404 1 
374 375 405 1 
375 406 405 1 
375 376 406 1 
376 407 406 1 
376 377 407 1 
377 408 407 1 
377 378 408 1 
378 409 408 1 
378 379 409 1 
379 410 409 1 
379 380 410 1 
380 411 410 1 
380 381 411 1 
381 412 411 1 
381 382 412 1 
382 413 412 1 
382 383 413 1 
383 414 413 1 
383 384 414 1 
384 415 414 1 
384 385 415 1 
385 416 415 1 
385 386 416 1 
386 417 416 1 
386 387 417 1 
387 418 417 1 
387 388 418 1 
388 419 418 1 
388 389 419 1 
389 420 419 1 
389 390 420 1 
390 421 420 1 
390 391 421 1 
391 422 421 1 
391 392 422 1 
392 423 422 1 
392 393 423 1 
393 424 423 1 
393 394 424 1 
394 425 424 1 
394 395 425 1 
395 426 425 1 
395 396 426 1 
396 427 426 1 
396 397 427 1 
397 428 427 1 
397 398 428 1 
398 429 428 1 
398 399 429 1 
399 430 429 1 
399 400 430 1 
400 431 430 1 
400 401 431 1 
401 432 431 1 
401 402 432 1 
402 433 432 1 
402 403 433 1 
403 434 433 1 
404 405 435 1 
405 436 435 1 
405 406 436 1 
406 437 436 1 
406 407 437 1 
407 438 437 1 
407 408 438 1 
408 439 438 1 
408 409 439 1 
409 440 439 1 
409 410 440 1 
410 441 440 1 
410 411 441 1 
411 442 441 1 
411 412 442 1 
412 443 442 1 
412 413 443 1 
413 444 443 1 
413 414 444 1 
414 445 444 1 
414 415 445 1 
415 446 445 1 
415 416 446 1 
416 447 446 1 
416 417 447 1 
417 448 447 1 
417 418 448 1 
418 449 448 1 
418 419 449 1 
419 450 449 1 
419 420 450 1 
420 451 450 1 
420 421 451 1 
421 452 451 1 
421 422 452 1 
422 453 452 1 
422 423 453 1 
423 454 453 1 
423 424 454 1 
424 455 454 1 
424 425 455 1 
425 456 455 1 
425 426 456 1 
426 457 456 1 
426 427 457 1 
427 458 457 1 
427 428 458 1 
428 459 458 1 
428 429 459 1 
429 460 459 1 
429 430 460 1 
430 461 460 1 
430 431 461 1 
431 462 461 1 
431 432 462 1 
432 463 462 1 
432 433 463 1 
433 464 463 1 
433 434 464 1 
434 465 464 1 
435 436 466 1 
436 467 466 1 
436 437 467 1 
437 468 467 1 
437 438 468 1 
438 469 468 1 
438 439 469 1 
439 470 469 1 
439 440 470 1 
440 471 470 1 
440 441 471 1 
441 472 471 1 
441 442 472 1 
442 473 472 1 
442 443 473 1 
443 474 473 1 
443 444 474 1 
444 475 474 1 
444 445 475 1 
445 476 475 1 
445 446 476 1 
446 477 476 1 
446 447 477 1 
447 478 477 1 
447 448 478 1 
448 479 478 1 
448 449 479 1 
449 480 479 1 
449 450 480 1 
450 481 480 1 
450 451 481 1 
451 482 481 1 
451 452 482 1 
452 483 482 1 
452 453 483 1 
453 484 483 1 
453 454 484 1 
454 485 484 1 
454 455 485 1 
455 486 485 1 
455 456 486 1 
456 487 486 1 
456 457 487 1 
457 488 487 1 
457 458 488 1 
458 489 488 1 
458 459 489 1 
459 490 489 1 
459 460 490 1 
460 491 490 1 
460 461 491 1 
461 492 491 1 
461 462 492 1 
462 493 492 1 
462 463 493 1 
463 494 493 1 
463 464 494 1 
464 495 494 1 
464 465 495 1 
465 496 495 1 
466 467 497 1 
467 498 497 1 
467 468 498 1 
468 499 498 1 
468 469 499 1 
469 500 499 1 
469 470 500 1 
470 501 500 1 
470 471 501 1 
471 502 501 1 
471 472 502 1 
472 503 502 1 
472 473 503 1 
473 504 503 1 
473 474 504 1 
474 505 504 1 
474 475 505 1 
475 506 505 1 
475 476 506 1 
476 507 506 1 
476 477 507 1 
477 508 507 1 
477 478 508 1 
478 509 508 1 
478 479 509 1 
479 510 509 1 
479 480 510 1 
480 511 510 1 
480 481 511 1 
481 512 511 1 
481 482 512 1 
482 513 512 1 
482 483 513 1 
483 514 513 1 
483 484 514 1 
484 515 514 1 
484 485 515 1 
485 516 515 1 
485 486 516 1 
486 517 516 1 
486 487 517 1 
487 518 517 1 
487 488 518 1 
488 519 518 1 
488 489 519 1 
489 520 519 1 
489 490 520 1 
490 521 520 1 
490 491 521 1 
491 522 521 1 
491 492 522 1 
492 523 522 1 
492 493 523 1 
493 524 523 1 
493 494 524 1 
494 525 524 1 
494 495 525 1 
495 526 525 1 
495 496 526 1 
496 527 526 1 
497 498 528 1 
498 529 528 1 
498 499 529 1 
499 530 529 1 
499 500 530 1 
500 531 530 1 
500 501 531 1 
501 532 531 1 
501 502 532 1 
502 533 532 1 
502 503 533 1 
503 534 533 1 
503 504 534 1 
504 535 534 1 
504 505 535 1 
505 536 535 1 
505 506 536 1 
506 537 536 1 
506 507 537 1 
507 538 537 1 
507 508 538 1 
508 539 538 1 
508 509 539 1 
509 540 539 1 
509 510 540 1 
510 541 540 1 
510 511 541 1 
511 542 541 1 
511 512 542 1 
512 543 542 1 
512 513 543 1 
513 544 543 1 
513 514 544 1 
514 545 544 1 
514 515 545 1 
515 546 545 1 
515 516 546 1 
516 547 546 1 
516 517 547 1 
517 548 547 1 
517 518 548 1 
518 549 548 1 
518 519 549 1 
519 550 549 1 
519 520 550 1 
520 551 550 1 
520 521 551 1 
521 552 551 1 
521 522 552 1 
522 553 552 1 
522 523 553 1 
523 554 553 1 
523 524 554 1 
524 555 554 1 
524 525 555 1 
525 556 555 1 
525 526 556 1 
526 557 556 1 
526 527 557 1 
527 558 557 1 
528 529 559 1 
529 560 559 1 
529 530 560 1 
530 561 560 1 
530 531 561 1 
531 562 561 1 
531 532 562 1 
532 563 562 1 
532 533 563 1 
533 564 563 1 
533 534 564 1 
534 565 564 1 
534 535 565 1 
535 566 565 1 
535 536 566 1 
536 567 566 1 
536 537 567 1 
537 568 567 1 
537 538 568 1 
538 569 568 1 
538 539 569 1 
539 570 569 1 
539 540 570 1 
540 571 570 1 
540 541 571 1 
541 572 571 1 
541 542 572 1 
542 573 572 1 
542 543 573 1 
543 574 573 1 
543 544 574 1 
544 575 574 1 
544 545 575 1 
545 576 575 1 
545 546 576 1 
546 577 576 1 
546 547 577 1 
547 578 577 1 
547 548 578 1 
548 579 578 1 
548 549 579 1 
549 580 579 1 
549 550 580 1 
550 581 580 1 
550 551 581 1 
551 582 581 1 
551 552 582 1 
552 583 582 1 
552 553 583 1 
553 584 583 1 
553 554 584 1 
554 585 584 1 
554 555 585 1 
555 586 585 1 
555 556 586 1 
556 587 586 1 
556 557 587 1 
557 588 587 1 
557 558 588 1 
558 589 588 1 
559 560 590 1 
560 591 590 1 
560 561 591 1 
561 592 591 1 
561 562 592 1 
562 593 592 1 
562 563 593 1 
563 594 593 1 
563 564 594 1 
564 595 594 1 
564 565 595 1 
565 596 595 1 
565 566 596 1 
566 597 596 1 
566 567 597 1 
567 598 597 1 
567 568 598 1 
568 599 598 1 
568 569 599 1 
569 600 599 1 
569 570 600 1 
570 601 600 1 
570 571 601 1 
571 602 601 1 
571 572 602 1 
572 603 602 1 
572 573 603 1 
573 604 603 1 
573 574 604 1 
574 605 604 1 
574 575 605 1 
575 606 605 1 
575 576 606 1 
576 607 606 1 
576 577 607 1 
577 608 607 1 
577 578 608 1 
578 609 608 1 
578 579 609 1 
579 610 609 1 
579 580 610 1 
580 611 610 1 
580 581 611 1 
581 612 611 1 
581 582 612 1 
582 613 612 1 
582 583 613 1 
583 614 613 1 
583 584 614 1 
584 615 614 1 
584 585 615 1 
585 616 615 1 
585 586 616 1 
586 617 616 1 
586 587 617 1 
587 618 617 1 
587 588 618 1 
588 619 618 1 
588 589 619 1 
589 620 619 1 
590 591 621 1 
591 622 621 1 
591 592 622 1 
592 623 622 1 
592 593 623 1 
593 624 623 1 
593 594 624 1 
594 625 624 1 
594 595 625 1 
595 626 625 1 
595 596 626 1 
596 627 626 1 
596 597 627 1 
597 628 627 1 
597 598 628 1 
598 629 628 1 
598 599 629 1 
599 630 629 1 
599 600 630 1 
600 631 630 1 
600 601 631 1 
601 632 631 1 
601 602 632 1 
602 633 632 1 
602 603 633 1 
603 634 633 1 
603 604 634 1 
604 635 634 1 
604 605 635 1 
605 636 635 1 
605 606 636 1 
606 637 636 1 
606 607 637 1 
607 638 637 1 
607 608 638 1 
608 639 638 1 
608 609 639 1 
609 640 639 1 
609 610 640 1 
610 641 640 1 
610 611 641 1 
611 642 641 1 
611 612 642 1 
612 643 642 1 
612 613 643 1 
613 644 643 1 
613 614 644 1 
614 645 644 1 
614 615 645 1 
615 646 645 1 
615 616 646 1 
616 647 646 1 
616 617 647 1 
617 648 647 1 
617 618 648 1 
618 649 648 1 
618 619 649 1 
619 650 649 1 
619 620 650 1 
620 651 650 1 
621 622 652 1 
622 653 652 1 
622 623 653 1 
623 654 653 1 
623 624 654 1 
624 655 654 1 
624 625 655 1 
625 656 655 1 
625 626 656 1 
626 657 656 1 
626 627 657 1 
627 658 657 1 
627 628 658 1 
628 659 658 1 
628 629 659 1 
629 660 659 1 
629 630 660 1 
630 661 660 1 
630 631 661 1 
631 662 661 1 
631 632 662 1 
632 663 662 1 
632 633 663 1 
633 664 663 1 
633 634 664 1 
634 665 664 1 
634 635 665 1 
635 666 665 1 
635 636 666 1 
636 667 666 1 
636 637 667 1 
637 668 667 1 
637 638 668 1 
638 669 668 1 
638 639 669 1 
639 670 669 1 
639 640 670 1 
640 671 670 1 
640 641 671 1 
641 672 671 1 
641 642 672 1 
642 673 672 1 
642 643 673 1 
643 674 673 1 
643 644 674 1 
644 675 674 1 
644 645 675 1 
645 676 675 1 
645 646 676 1 
646 677 676 1 
646 647 677 1 
647 678 677 1 
647 648 678 1 
648 679 678 1 
648 649 679 1 
649 680 679 1 
649 650 680 1 
650 681 680 1 
650 651 681 1 
651 682 681 1 
652 653 683 1 
653 684 683 1 
653 654 684 1 
654 685 684 1 
654 655 685 1 
655 686 685 1 
655 656 686 1 
656 687 686 1 
656 657 687 1 
657 688 687 1 
657 658 688 1 
658 689 688 1 
658 659 689 1 
659 690 689 1 
659 660 690 1 
660 691 690 1 
660 661 691 1 
661 692 691 1 
661 662 692 1 
662 693 692 1 
662 663 693 1 
663 694 693 1 
663 664 694 1 
664 695 694 1 
664 665 695 1 
665 696 695 1 
665 666 696 1 
666 697 696 1 
666 667 697 1 
667 698 697 1 
667 668 698 1 
668 699 698 1 
668 669 699 1 
669 700 699 1 
669 670 700 1 
670 701 700 1 
670 671 701 1 
671 702 701 1 
671 672 702 1 
672 703 702 1 
672 673 703 1 
673 704 703 1 
673 674 704 1 
674 705 704 1 
674 675 705 1 
675 706 705 1 
675 676 706 1 
676 707 706 1 
676 677 707 1 
677 708 707 1 
677 678 708 1 
678 709 708 1 
678 679 709 1 
679 710 709 1 
679 680 710 1 
680 711 710 1 
680 681 711 1 
681 712 711 1 
681 682 712 1 
682 713 712 1 
683 684 714 1 
684 715 714 1 
684 685 715 1 
685 716 715 1 
685 686 716 1 
686 717 716 1 
686 687 717 1 
687 718 717 1 
687 688 718 1 
688 719 718 1 
688 689 719 1 
689 720 719 1 
689 690 720 1 
690 721 720 1 
690 691 721 1 
691 722 721 1 
691 692 722 1 
692 723 722 1 
692 693 723 1 
693 724 723 1 
693 694 724 1 
694 725 724 1 
694 695 725 1 
695 726 725 1 
695 696 726 1 
696 727 726 1 
696 697 727 1 
697 728 727 1 
697 698 728 1 
698 729 728 1 
698 699 729 1 
699 730 729 1 
699 700 730 1 
700 731 730 1 
700 701 731 1 
701 732 731 1 
701 702 732 1 
702 733 732 1 
702 703 733 1 
703 734 733 1 
703 704 734 1 
704 735 734 1 
704 705 735 1 
705 736 735 1 
705 706 736 1 
706 737 736 1 
706 707 737 1 
707 738 737 1 
707 708 738 1 
708 739 738 1 
708 709 739 1 
709 740 739 1 
709 710 740 1 
710 741 740 1 
710 711 741 1 
711 742 741 1 
711 712 742 1 
712 743 742 1 
712 713 743 1 
713 744 743 1 
714 715 745 1 
715 746 745 1 
715 716 746 1 
716 747 746 1 
716 717 747 1 
717 748 747 1 
717 718 748 1 
718 749 748 1 
718 719 749 1 
719 750 749 1 
719 720 750 1 
720 751 750 1 
720 721 751 1 
721 752 751 1 
721 722 752 1 
722 753 752 1 
722 723 753 1 
723 754 753 1 
723 724 754 1 
724 755 754 1 
724 725 755 1 
725 756 755 1 
725 726 756 1 
726 757 756 1 
726 727 757 1 
727 758 757 1 
727 728 758 1 
728 759 758 1 
728 729 759 1 
729 760 759 1 
729 730 760 1 
730 761 760 1 
730 731 761 1 
731 762 761 1 
731 732 762 1 
732 763 762 1 
732 733 763 1 
733 764 763 1 
733 734 764 1 
734 765 764 1 
734 735 765 1 
735 766 765 1 
735 736 766 1 
736 767 766 1 
736 737 767 1 
737 768 767 1 
737 738 768 1 
738 769 768 1 
738 739 769 1 
739 770 769 1 
739 740 770 1 
740 771 770 1 
740 741 771 1 
741 772 771 1 
741 742 772 1 
742 773 772 1 
742 743 773 1 
743 774 773 1 
743 744 774 1 
744 775 774 1 
745 746 776 1 
746 777 776 1 
746 747 777 1 
747 778 777 1 
747 748 778 1 
748 779 778 1 
748 749 779 1 
749 780 779 1 
749 750 780 1 
750 781 780 1 
750 751 781 1 
751 782 781 1 
751 752 782 1 
752 783 782 1 
752 753 783 1 
753 784 783 1 
753 754 784 1 
754 785 784 1 
754 755 785 1 
755 786 785 1 
755 756 786 1 
756 787 786 1 
756 757 787 1 
757 788 787 1 
757 758 788 1 
758 789 788 1 
758 759 789 1 
759 790 789 1 
759 760 790 1 
760 791 790 1 
760 761 791 1 
761 792 791 1 
761 762 792 1 
762 793 792 1 
762 763 793 1 
763 794 793 1 
763 764 794 1 
764 795 794 1 
764 765 795 1 
765 796 795 1 
765 766 796 1 
766 797 796 1 
766 767 797 1 
767 798 797 1 
767 768 798 1 
768 799 798 1 
768 769 799 1 
769 800 799 1 
769 770 800 1 
770 801 800 1 
770 771 801 1 
771 802 801 1 
771 772 802 1 
772 803 802 1 
772 773 803 1 
773 804 803 1 
773 774 804 1 
774 805 804 1 
774 775 805 1 
775 806 805 1 
776 777 807 1 
777 808 807 1 
777 778 808 1 
778 809 808 1 
778 779 809 1 
779 810 809 1 
779 780 810 1 
780 811 810 1 
780 781 811 1 
781 812 811 1 
781 782 812 1 
782 813 812 1 
782 783 813 1 
783 814 813 1 
783 784 814 1 
784 815 814 1 
784 785 815 1 
785 816 815 1 
785 786 816 1 
786 817 816 1 
786 787 817 1 
787 818 817 1 
787 788 818 1 
788 819 818 1 
788 789 819 1 
789 820 819 1 
789 790 820 1 
790 821 820 1 
790 791 821 1 
791 822 821 1 
791 792 822 1 
792 823 822 1 
792 793 823 1 
793 824 823 1 
793 794 824 1 
794 825 824 1 
794 795 825 1 
795 826 825 1 
795 796 826 1 
796 827 826 1 
796 797 827 1 
797 828 827 1 
797 798 828 1 
798 829 828 1 
798 799 829 1 
799 830 829 1 
799 800 830 1 
800 831 830 1 
800 801 831 1 
801 832 831 1 
801 802 832 1 
802 833 832 1 
802 803 833 1 
803 834 833 1 
803 804 834 1 
804 835 834 1 
804 805 835 1 
805 836 835 1 
805 806 836 1 
806 837 836 1 
807 808 838 1 
808 839 838 1 
808 809 839 1 
809 840 839 1 
809 810 840 1 
810 841 840 1 
810 811 841 1 
811 842 841 1 
811 812 842 1 
812 843 842 1 
812 813 843 1 
813 844 843 1 
813 814 844 1 
814 845 844 1 
814 815 845 1 
815 846 845 1 
815 816 846 1 
816 847 846 1 
816 817 847 1 
817 848 847 1 
817 818 848 1 
818 849 848 1 
818 819 849 1 
819 850 849 1 
819 820 850 1 
820 851 850 1 
820 821 851 1 
821 852 851 1 
821 822 852 1 
822 853 852 1 
822 823 853 1 
823 854 853 1 
823 824 854 1 
824 855 854 1 
824 825 855 1 
825 856 855 1 
825 826 856 1 
826 857 856 1 
826 827 857 1 
827 858 857 1 
827 828 858 1 
828 859 858 1 
828 829 859 1 
829 860 859 1 
829 830 860 1 
830 861 860 1 
830 831 861 1 
831 862 861 1 
831 832 862 1 
832 863 862 1 
832 833 863 1 
833 864 863 1 
833 834 864 1 
834 865 864 1 
834 835 865 1 
835 866 865 1 
835 836 866 1 
836 867 866 1 
836 837 867 1 
837 868 867 1 
838 839 869 1 
839 870 869 1 
839 840 870 1 
840 871 870 1 
840 841 871 1 
841 872 871 1 
841 842 872 1 
842 873 872 1 
842 843 873 1 
843 874 873 1 
843 844 874 1 
844 875 874 1 
844 845 875 1 
845 876 875 1 
845 846 876 1 
846 877 876 1 
846 847 877 1 
847 878 877 1 
847 848 878 1 
848 879 878 1 
848 849 879 1 
849 880 879 1 
849 850 880 1 
850 881 880 1 
850 851 881 1 
851 882 881 1 
851 852 882 1 
852 883 882 1 
852 853 883 1 
853 884 883 1 
853 854 884 1 
854 885 884 1 
854 855 885 1 
855 886 885 1 
855 856 886 1 
856 887 886 1 
856 857 887 1 
857 888 887 1 
857 858 888 1 
858 889 888 1 
858 859 889 1 
859 890 889 1 
859 860 890 1 
860 891 890 1 
860 861 891 1 
861 892 891 1 
861 862 892 1 
862 893 892 1 
862 863 893 1 
863 894 893 1 
863 864 894 1 
864 895 894 1 
864 865 895 1 
865 896 895 1 
865 866 896 1 
866 897 896 1 
866 867 897 1 
867 898 897 1 
867 868 898 1 
868 899 898 1 
869 870 900 1 
870 901 900 1 
870 871 901 1 
871 902 901 1 
871 872 902 1 
872 903 902 1 
872 873 903 1 
873 904 903 1 
873 874 904 1 
874 905 904 1 
874 875 905 1 
875 906 905 1 
875 876 906 1 
876 907 906 1 
876 877 907 1 
877 908 907 1 
877 878 908 1 
878 909 908 1 
878 879 909 1 
879 910 909 1 
879 880 910 1 
880 911 910 1 
880 881 911 1 
881 912 911 1 
881 882 912 1 
882 913 912 1 
882 883 913 1 
883 914 913 1 
883 884 914 1 
884 915 914 1 
884 885 915 1 
885 916 915 1 
885 886 916 1 
886 917 916 1 
886 887 917 1 
887 918 917 1 
887 888 918 1 
888 919 918 1 
888 889 919 1 
889 920 919 1 
889 890 920 1 
890 921 920 1 
890 891 921 1 
891 922 921 1 
891 892 922 1 
892 923 922 1 
892 893 923 1 
893 924 923 1 
893 894 924 1 
894 925 924 1 
894 895 925 1 
895 926 925 1 
895 896 926 1 
896 927 926 1 
896 897 927 1 
897 928 927 1 
897 898 928 1 
898 929 928 1 
898 899 929 1 
899 930 929 1 
900 901 931 1 
901 932 931 1 
901 902 932 1 
902 933 932 1 
902 903 933 1 
903 934 933 1 
903 904 934 1 
904 935 934 1 
904 905 935 1 
905 936 935 1 
905 906 936 1 
906 937 936 1 
906 907 937 1 
907 938 937 1 
907 908 938 1 
908 939 938 1 
908 909 939 1 
909 940 939 1 
909 910 940 1 
910 941 940 1 
910 911 941 1 
911 942 941 1 
911 912 942 1 
912 943 942 1 
912 913 943 1 
913 944 943 1 
913 914 944 1 
914 945 944 1 
914 915 945 1 
915 946 945 1 
915 916 946 1 
916 947 946 1 
916 917 947 1 
917 948 947 1 
917 918 948 1 
918 949 948 1 
918 919 949 1 
919 950 949 1 
919 920 950 1 
920 951 950 1 
920 921 951 1 
921 952 951 1 
921 922 952 1 
922 953 952 1 
922 923 953 1 
923 954 953 1 
923 924 954 1 
924 955 954 1 
924 925 955 1 
925 956 955 1 
925 926 956 1 
926 957 956 1 
926 927 957 1 
927 958 957 1 
927 928 958 1 
928 959 958 1 
928 929 959 1 
929 960 959 1 
929 930 960 1 
930 961 960 1 