1 2 12 1 
2 13 12 1 
2 3 13 1 
3 14 13 1 
3 4 14 1 
4 15 14 1 
4 5 15 1 
5 16 15 1 
5 6 16 1 
6 17 16 1 
6 7 17 1 
7 18 17 1 
7 8 18 1 
8 19 18 1 
8 9 19 1 
9 20 19 1 
9 10 20 1 
10 21 20 1 
10 11 21 1 
11 22 21 1 
12 13 23 1 
13 24 23 1 
13 14 24 1 
14 25 24 1 
14 15 25 1 
15 26 25 1 
15 16 26 1 
16 27 26 1 
16 17 27 1 
17 28 27 1 
17 18 28 1 
18 29 28 1 
18 19 29 1 
19 30 29 1 
19 20 30 1 
20 31 30 1 
20 21 31 1 
21 32 31 1 
21 22 32 1 
22 33 32 1 
23 24 34 1 
24 35 34 1 
24 25 35 1 
25 36 35 1 
25 26 36 1 
26 37 36 1 
26 27 37 1 
27 38 37 1 
27 28 38 1 
28 39 38 1 
28 29 39 1 
29 40 39 1 
29 30 40 1 
30 41 40 1 
30 31 41 1 
31 42 41 1 
31 32 42 1 
32 43 42 1 
32 33 43 1 
33 44 43 1 
34 35 45 1 
35 46 45 1 
35 36 46 1 
36 47 46 1 
36 37 47 1 
37 48 47 1 
37 38 48 1 
38 49 48 1 
38 39 49 1 
39 50 49 1 
39 40 50 1 
40 51 50 1 
40 41 51 1 
41 52 51 1 
41 42 52 1 
42 53 52 1 
42 43 53 1 
43 54 53 1 
43 44 54 1 
44 55 54 1 
45 46 56 1 
46 57 56 1 
46 47 57 1 
47 58 57 1 
47 48 58 1 
48 59 58 1 
48 49 59 1 
49 60 59 1 
49 50 60 1 
50 61 60 1 
50 51 61 1 
51 62 61 1 
51 52 62 1 
52 63 62 1 
52 53 63 1 
53 64 63 1 
53 54 64 1 
54 65 64 1 
54 55 65 1 
55 66 65 1 
56 57 67 1 
57 68 67 1 
57 58 68 1 
58 69 68 1 
58 59 69 1 
59 70 69 1 
59 60 70 1 
60 71 70 1 
60 61 71 1 
61 72 71 1 
61 62 72 1 
62 73 72 1 
62 63 73 1 
63 74 73 1 
63 64 74 1 
64 75 74 1 
64 65 75 1 
65 76 75 1 
65 66 76 1 
66 77 76 1 
67 68 78 1 
68 79 78 1 
68 69 79 1 
69 80 79 1 
69 70 80 1 
70 81 80 1 
70 71 81 1 
71 82 81 1 
71 72 82 1 
72 83 82 1 
72 73 83 1 
73 84 83 1 
73 74 84 1 
74 85 84 1 
74 75 85 1 
75 86 85 1 
75 76 86 1 
76 87 86 1 
76 77 87 1 
77 88 87 1 
78 79 89 1 
79 90 89 1 
79 80 90 1 
80 91 90 1 
80 81 91 1 
81 92 91 1 
81 82 92 1 
82 93 92 1 
82 83 93 1 
83 94 93 1 
83 84 94 1 
84 95 94 1 
84 85 95 1 
85 96 95 1 
85 86 96 1 
86 97 96 1 
86 87 97 1 
87 98 97 1 
87 88 98 1 
88 99 98 1 
89 90 100 1 
90 101 100 1 
90 91 101 1 
91 102 101 1 
91 92 102 1 
92 103 102 1 
92 93 103 1 
93 104 103 1 
93 94 104 1 
94 105 104 1 
94 95 105 1 
95 106 105 1 
95 96 106 1 
96 107 106 1 
96 97 107 1 
97 108 107 1 
97 98 108 1 
98 109 108 1 
98 99 109 1 
99 110 109 1 
100 101 111 1 
101 112 111 1 
101 102 112 1 
102 113 112 1 
102 103 113 1 
103 114 113 1 
103 104 114 1 
104 115 114 1 
104 105 115 1 
105 116 115 1 
105 106 116 1 
106 117 116 1 
106 107 117 1 
107 118 117 1 
107 108 118 1 
108 119 118 1 
108 109 119 1 
109 120 119 1 
109 110 120 1 
110 121 120 1 