1 2 22 1 
2 23 22 1 
2 3 23 1 
3 24 23 1 
3 4 24 1 
4 25 24 1 
4 5 25 1 
5 26 25 1 
5 6 26 1 
6 27 26 1 
6 7 27 1 
7 28 27 1 
7 8 28 1 
8 29 28 1 
8 9 29 1 
9 30 29 1 
9 10 30 1 
10 31 30 1 
10 11 31 1 
11 32 31 1 
11 12 32 1 
12 33 32 1 
12 13 33 1 
13 34 33 1 
13 14 34 1 
14 35 34 1 
14 15 35 1 
15 36 35 1 
15 16 36 1 
16 37 36 1 
16 17 37 1 
17 38 37 1 
17 18 38 1 
18 39 38 1 
18 19 39 1 
19 40 39 1 
19 20 40 1 
20 41 40 1 
20 21 41 1 
21 42 41 1 
22 23 43 1 
23 44 43 1 
23 24 44 1 
24 45 44 1 
24 25 45 1 
25 46 45 1 
25 26 46 1 
26 47 46 1 
26 27 47 1 
27 48 47 1 
27 28 48 1 
28 49 48 1 
28 29 49 1 
29 50 49 1 
29 30 50 1 
30 51 50 1 
30 31 51 1 
31 52 51 1 
31 32 52 1 
32 53 52 1 
32 33 53 1 
33 54 53 1 
33 34 54 1 
34 55 54 1 
34 35 55 1 
35 56 55 1 
35 36 56 1 
36 57 56 1 
36 37 57 1 
37 58 57 1 
37 38 58 1 
38 59 58 1 
38 39 59 1 
39 60 59 1 
39 40 60 1 
40 61 60 1 
40 41 61 1 
41 62 61 1 
41 42 62 1 
42 63 62 1 
43 44 64 1 
44 65 64 1 
44 45 65 1 
45 66 65 1 
45 46 66 1 
46 67 66 1 
46 47 67 1 
47 68 67 1 
47 48 68 1 
48 69 68 1 
48 49 69 1 
49 70 69 1 
49 50 70 1 
50 71 70 1 
50 51 71 1 
51 72 71 1 
51 52 72 1 
52 73 72 1 
52 53 73 1 
53 74 73 1 
53 54 74 1 
54 75 74 1 
54 55 75 1 
55 76 75 1 
55 56 76 1 
56 77 76 1 
56 57 77 1 
57 78 77 1 
57 58 78 1 
58 79 78 1 
58 59 79 1 
59 80 79 1 
59 60 80 1 
60 81 80 1 
60 61 81 1 
61 82 81 1 
61 62 82 1 
62 83 82 1 
62 63 83 1 
63 84 83 1 
64 65 85 1 
65 86 85 1 
65 66 86 1 
66 87 86 1 
66 67 87 1 
67 88 87 1 
67 68 88 1 
68 89 88 1 
68 69 89 1 
69 90 89 1 
69 70 90 1 
70 91 90 1 
70 71 91 1 
71 92 91 1 
71 72 92 1 
72 93 92 1 
72 73 93 1 
73 94 93 1 
73 74 94 1 
74 95 94 1 
74 75 95 1 
75 96 95 1 
75 76 96 1 
76 97 96 1 
76 77 97 1 
77 98 97 1 
77 78 98 1 
78 99 98 1 
78 79 99 1 
79 100 99 1 
79 80 100 1 
80 101 100 1 
80 81 101 1 
81 102 101 1 
81 82 102 1 
82 103 102 1 
82 83 103 1 
83 104 103 1 
83 84 104 1 
84 105 104 1 
85 86 106 1 
86 107 106 1 
86 87 107 1 
87 108 107 1 
87 88 108 1 
88 109 108 1 
88 89 109 1 
89 110 109 1 
89 90 110 1 
90 111 110 1 
90 91 111 1 
91 112 111 1 
91 92 112 1 
92 113 112 1 
92 93 113 1 
93 114 113 1 
93 94 114 1 
94 115 114 1 
94 95 115 1 
95 116 115 1 
95 96 116 1 
96 117 116 1 
96 97 117 1 
97 118 117 1 
97 98 118 1 
98 119 118 1 
98 99 119 1 
99 120 119 1 
99 100 120 1 
100 121 120 1 
100 101 121 1 
101 122 121 1 
101 102 122 1 
102 123 122 1 
102 103 123 1 
103 124 123 1 
103 104 124 1 
104 125 124 1 
104 105 125 1 
105 126 125 1 
106 107 127 1 
107 128 127 1 
107 108 128 1 
108 129 128 1 
108 109 129 1 
109 130 129 1 
109 110 130 1 
110 131 130 1 
110 111 131 1 
111 132 131 1 
111 112 132 1 
112 133 132 1 
112 113 133 1 
113 134 133 1 
113 114 134 1 
114 135 134 1 
114 115 135 1 
115 136 135 1 
115 116 136 1 
116 137 136 1 
116 117 137 1 
117 138 137 1 
117 118 138 1 
118 139 138 1 
118 119 139 1 
119 140 139 1 
119 120 140 1 
120 141 140 1 
120 121 141 1 
121 142 141 1 
121 122 142 1 
122 143 142 1 
122 123 143 1 
123 144 143 1 
123 124 144 1 
124 145 144 1 
124 125 145 1 
125 146 145 1 
125 126 146 1 
126 147 146 1 
127 128 148 1 
128 149 148 1 
128 129 149 1 
129 150 149 1 
129 130 150 1 
130 151 150 1 
130 131 151 1 
131 152 151 1 
131 132 152 1 
132 153 152 1 
132 133 153 1 
133 154 153 1 
133 134 154 1 
134 155 154 1 
134 135 155 1 
135 156 155 1 
135 136 156 1 
136 157 156 1 
136 137 157 1 
137 158 157 1 
137 138 158 1 
138 159 158 1 
138 139 159 1 
139 160 159 1 
139 140 160 1 
140 161 160 1 
140 141 161 1 
141 162 161 1 
141 142 162 1 
142 163 162 1 
142 143 163 1 
143 164 163 1 
143 144 164 1 
144 165 164 1 
144 145 165 1 
145 166 165 1 
145 146 166 1 
146 167 166 1 
146 147 167 1 
147 168 167 1 
148 149 169 1 
149 170 169 1 
149 150 170 1 
150 171 170 1 
150 151 171 1 
151 172 171 1 
151 152 172 1 
152 173 172 1 
152 153 173 1 
153 174 173 1 
153 154 174 1 
154 175 174 1 
154 155 175 1 
155 176 175 1 
155 156 176 1 
156 177 176 1 
156 157 177 1 
157 178 177 1 
157 158 178 1 
158 179 178 1 
158 159 179 1 
159 180 179 1 
159 160 180 1 
160 181 180 1 
160 161 181 1 
161 182 181 1 
161 162 182 1 
162 183 182 1 
162 163 183 1 
163 184 183 1 
163 164 184 1 
164 185 184 1 
164 165 185 1 
165 186 185 1 
165 166 186 1 
166 187 186 1 
166 167 187 1 
167 188 187 1 
167 168 188 1 
168 189 188 1 
169 170 190 1 
170 191 190 1 
170 171 191 1 
171 192 191 1 
171 172 192 1 
172 193 192 1 
172 173 193 1 
173 194 193 1 
173 174 194 1 
174 195 194 1 
174 175 195 1 
175 196 195 1 
175 176 196 1 
176 197 196 1 
176 177 197 1 
177 198 197 1 
177 178 198 1 
178 199 198 1 
178 179 199 1 
179 200 199 1 
179 180 200 1 
180 201 200 1 
180 181 201 1 
181 202 201 1 
181 182 202 1 
182 203 202 1 
182 183 203 1 
183 204 203 1 
183 184 204 1 
184 205 204 1 
184 185 205 1 
185 206 205 1 
185 186 206 1 
186 207 206 1 
186 187 207 1 
187 208 207 1 
187 188 208 1 
188 209 208 1 
188 189 209 1 
189 210 209 1 
190 191 211 1 
191 212 211 1 
191 192 212 1 
192 213 212 1 
192 193 213 1 
193 214 213 1 
193 194 214 1 
194 215 214 1 
194 195 215 1 
195 216 215 1 
195 196 216 1 
196 217 216 1 
196 197 217 1 
197 218 217 1 
197 198 218 1 
198 219 218 1 
198 199 219 1 
199 220 219 1 
199 200 220 1 
200 221 220 1 
200 201 221 1 
201 222 221 1 
201 202 222 1 
202 223 222 1 
202 203 223 1 
203 224 223 1 
203 204 224 1 
204 225 224 1 
204 205 225 1 
205 226 225 1 
205 206 226 1 
206 227 226 1 
206 207 227 1 
207 228 227 1 
207 208 228 1 
208 229 228 1 
208 209 229 1 
209 230 229 1 
209 210 230 1 
210 231 230 1 
211 212 232 1 
212 233 232 1 
212 213 233 1 
213 234 233 1 
213 214 234 1 
214 235 234 1 
214 215 235 1 
215 236 235 1 
215 216 236 1 
216 237 236 1 
216 217 237 1 
217 238 237 1 
217 218 238 1 
218 239 238 1 
218 219 239 1 
219 240 239 1 
219 220 240 1 
220 241 240 1 
220 221 241 1 
221 242 241 1 
221 222 242 1 
222 243 242 1 
222 223 243 1 
223 244 243 1 
223 224 244 1 
224 245 244 1 
224 225 245 1 
225 246 245 1 
225 226 246 1 
226 247 246 1 
226 227 247 1 
227 248 247 1 
227 228 248 1 
228 249 248 1 
228 229 249 1 
229 250 249 1 
229 230 250 1 
230 251 250 1 
230 231 251 1 
231 252 251 1 
232 233 253 1 
233 254 253 1 
233 234 254 1 
234 255 254 1 
234 235 255 1 
235 256 255 1 
235 236 256 1 
236 257 256 1 
236 237 257 1 
237 258 257 1 
237 238 258 1 
238 259 258 1 
238 239 259 1 
239 260 259 1 
239 240 260 1 
240 261 260 1 
240 241 261 1 
241 262 261 1 
241 242 262 1 
242 263 262 1 
242 243 263 1 
243 264 263 1 
243 244 264 1 
244 265 264 1 
244 245 265 1 
245 266 265 1 
245 246 266 1 
246 267 266 1 
246 247 267 1 
247 268 267 1 
247 248 268 1 
248 269 268 1 
248 249 269 1 
249 270 269 1 
249 250 270 1 
250 271 270 1 
250 251 271 1 
251 272 271 1 
251 252 272 1 
252 273 272 1 
253 254 274 1 
254 275 274 1 
254 255 275 1 
255 276 275 1 
255 256 276 1 
256 277 276 1 
256 257 277 1 
257 278 277 1 
257 258 278 1 
258 279 278 1 
258 259 279 1 
259 280 279 1 
259 260 280 1 
260 281 280 1 
260 261 281 1 
261 282 281 1 
261 262 282 1 
262 283 282 1 
262 263 283 1 
263 284 283 1 
263 264 284 1 
264 285 284 1 
264 265 285 1 
265 286 285 1 
265 266 286 1 
266 287 286 1 
266 267 287 1 
267 288 287 1 
267 268 288 1 
268 289 288 1 
268 269 289 1 
269 290 289 1 
269 270 290 1 
270 291 290 1 
270 271 291 1 
271 292 291 1 
271 272 292 1 
272 293 292 1 
272 273 293 1 
273 294 293 1 
274 275 295 1 
275 296 295 1 
275 276 296 1 
276 297 296 1 
276 277 297 1 
277 298 297 1 
277 278 298 1 
278 299 298 1 
278 279 299 1 
279 300 299 1 
279 280 300 1 
280 301 300 1 
280 281 301 1 
281 302 301 1 
281 282 302 1 
282 303 302 1 
282 283 303 1 
283 304 303 1 
283 284 304 1 
284 305 304 1 
284 285 305 1 
285 306 305 1 
285 286 306 1 
286 307 306 1 
286 287 307 1 
287 308 307 1 
287 288 308 1 
288 309 308 1 
288 289 309 1 
289 310 309 1 
289 290 310 1 
290 311 310 1 
290 291 311 1 
291 312 311 1 
291 292 312 1 
292 313 312 1 
292 293 313 1 
293 314 313 1 
293 294 314 1 
294 315 314 1 
295 296 316 1 
296 317 316 1 
296 297 317 1 
297 318 317 1 
297 298 318 1 
298 319 318 1 
298 299 319 1 
299 320 319 1 
299 300 320 1 
300 321 320 1 
300 301 321 1 
301 322 321 1 
301 302 322 1 
302 323 322 1 
302 303 323 1 
303 324 323 1 
303 304 324 1 
304 325 324 1 
304 305 325 1 
305 326 325 1 
305 306 326 1 
306 327 326 1 
306 307 327 1 
307 328 327 1 
307 308 328 1 
308 329 328 1 
308 309 329 1 
309 330 329 1 
309 310 330 1 
310 331 330 1 
310 311 331 1 
311 332 331 1 
311 312 332 1 
312 333 332 1 
312 313 333 1 
313 334 333 1 
313 314 334 1 
314 335 334 1 
314 315 335 1 
315 336 335 1 
316 317 337 1 
317 338 337 1 
317 318 338 1 
318 339 338 1 
318 319 339 1 
319 340 339 1 
319 320 340 1 
320 341 340 1 
320 321 341 1 
321 342 341 1 
321 322 342 1 
322 343 342 1 
322 323 343 1 
323 344 343 1 
323 324 344 1 
324 345 344 1 
324 325 345 1 
325 346 345 1 
325 326 346 1 
326 347 346 1 
326 327 347 1 
327 348 347 1 
327 328 348 1 
328 349 348 1 
328 329 349 1 
329 350 349 1 
329 330 350 1 
330 351 350 1 
330 331 351 1 
331 352 351 1 
331 332 352 1 
332 353 352 1 
332 333 353 1 
333 354 353 1 
333 334 354 1 
334 355 354 1 
334 335 355 1 
335 356 355 1 
335 336 356 1 
336 357 356 1 
337 338 358 1 
338 359 358 1 
338 339 359 1 
339 360 359 1 
339 340 360 1 
340 361 360 1 
340 341 361 1 
341 362 361 1 
341 342 362 1 
342 363 362 1 
342 343 363 1 
343 364 363 1 
343 344 364 1 
344 365 364 1 
344 345 365 1 
345 366 365 1 
345 346 366 1 
346 367 366 1 
346 347 367 1 
347 368 367 1 
347 348 368 1 
348 369 368 1 
348 349 369 1 
349 370 369 1 
349 350 370 1 
350 371 370 1 
350 351 371 1 
351 372 371 1 
351 352 372 1 
352 373 372 1 
352 353 373 1 
353 374 373 1 
353 354 374 1 
354 375 374 1 
354 355 375 1 
355 376 375 1 
355 356 376 1 
356 377 376 1 
356 357 377 1 
357 378 377 1 
358 359 379 1 
359 380 379 1 
359 360 380 1 
360 381 380 1 
360 361 381 1 
361 382 381 1 
361 362 382 1 
362 383 382 1 
362 363 383 1 
363 384 383 1 
363 364 384 1 
364 385 384 1 
364 365 385 1 
365 386 385 1 
365 366 386 1 
366 387 386 1 
366 367 387 1 
367 388 387 1 
367 368 388 1 
368 389 388 1 
368 369 389 1 
369 390 389 1 
369 370 390 1 
370 391 390 1 
370 371 391 1 
371 392 391 1 
371 372 392 1 
372 393 392 1 
372 373 393 1 
373 394 393 1 
373 374 394 1 
374 395 394 1 
374 375 395 1 
375 396 395 1 
375 376 396 1 
376 397 396 1 
376 377 397 1 
377 398 397 1 
377 378 398 1 
378 399 398 1 
379 380 400 1 
380 401 400 1 
380 381 401 1 
381 402 401 1 
381 382 402 1 
382 403 402 1 
382 383 403 1 
383 404 403 1 
383 384 404 1 
384 405 404 1 
384 385 405 1 
385 406 405 1 
385 386 406 1 
386 407 406 1 
386 387 407 1 
387 408 407 1 
387 388 408 1 
388 409 408 1 
388 389 409 1 
389 410 409 1 
389 390 410 1 
390 411 410 1 
390 391 411 1 
391 412 411 1 
391 392 412 1 
392 413 412 1 
392 393 413 1 
393 414 413 1 
393 394 414 1 
394 415 414 1 
394 395 415 1 
395 416 415 1 
395 396 416 1 
396 417 416 1 
396 397 417 1 
397 418 417 1 
397 398 418 1 
398 419 418 1 
398 399 419 1 
399 420 419 1 
400 401 421 1 
401 422 421 1 
401 402 422 1 
402 423 422 1 
402 403 423 1 
403 424 423 1 
403 404 424 1 
404 425 424 1 
404 405 425 1 
405 426 425 1 
405 406 426 1 
406 427 426 1 
406 407 427 1 
407 428 427 1 
407 408 428 1 
408 429 428 1 
408 409 429 1 
409 430 429 1 
409 410 430 1 
410 431 430 1 
410 411 431 1 
411 432 431 1 
411 412 432 1 
412 433 432 1 
412 413 433 1 
413 434 433 1 
413 414 434 1 
414 435 434 1 
414 415 435 1 
415 436 435 1 
415 416 436 1 
416 437 436 1 
416 417 437 1 
417 438 437 1 
417 418 438 1 
418 439 438 1 
418 419 439 1 
419 440 439 1 
419 420 440 1 
420 441 440 1 