163 150 1 3 
137 2 134 3 
73 3 67 3 
139 4 115 3 
275 287 283 3 
274 286 282 3 
285 277 280 3 
272 284 278 3 
268 281 275 3 
269 279 274 3 
284 272 276 3 
287 275 281 3 
267 277 271 3 
266 276 272 3 
286 274 279 3 
268 275 264 3 
280 277 273 3 
252 271 260 3 
276 266 270 3 
250 270 266 3 
249 269 265 3 
248 268 264 3 
274 265 269 3 
277 267 273 3 
250 266 258 3 
248 264 256 3 
269 254 262 3 
270 253 261 3 
244 260 236 3 
251 267 252 3 
235 259 251 3 
271 252 267 3 
249 265 257 3 
247 263 255 3 
268 255 263 3 
240 255 248 3 
246 262 254 3 
246 254 249 3 
245 261 253 3 
242 253 250 3 
260 244 252 3 
267 251 259 3 
235 251 243 3 
253 242 245 3 
261 245 237 3 
269 249 254 3 
263 247 239 3 
268 248 255 3 
223 247 240 3 
262 246 238 3 
224 246 241 3 
270 250 253 3 
227 245 242 3 
225 244 236 3 
252 243 251 3 
243 252 244 3 
244 225 243 3 
227 242 234 3 
256 232 248 3 
249 241 246 3 
257 233 249 3 
248 232 240 3 
249 233 241 3 
255 240 247 3 
230 240 232 3 
224 241 231 3 
245 227 237 3 
243 225 226 3 
250 234 242 3 
258 234 250 3 
231 241 233 3 
223 240 230 3 
229 247 223 3 
246 224 238 3 
217 227 218 3 
243 226 235 3 
214 226 225 3 
234 218 227 3 
238 224 228 3 
231 222 224 3 
211 220 205 3 
224 222 221 3 
222 211 221 3 
247 229 239 3 
221 211 206 3 
220 230 219 3 
218 216 217 3 
215 213 214 3 
225 215 214 3 
212 214 213 3 
213 208 212 3 
211 205 206 3 
196 210 209 3 
212 208 209 3 
200 209 208 3 
209 200 196 3 
166 207 206 3 
230 220 223 3 
193 206 205 3 
198 205 204 3 
202 217 216 3 
219 205 220 3 
195 202 197 3 
203 202 201 3 
202 192 201 3 
194 200 199 3 
200 194 196 3 
216 197 202 3 
205 198 193 3 
202 195 192 3 
188 196 194 3 
191 201 192 3 
196 188 187 3 
184 201 191 3 
183 188 182 3 
201 184 189 3 
193 166 206 3 
179 186 184 3 
188 185 187 3 
176 185 183 3 
189 184 186 3 
155 186 179 3 
188 183 185 3 
145 181 166 3 
157 180 177 3 
180 157 178 3 
183 175 176 3 
174 176 175 3 
176 174 172 3 
174 168 172 3 
178 157 173 3 
164 172 168 3 
157 177 170 3 
207 166 190 3 
168 158 164 3 
167 164 165 3 
1 181 163 3 
151 165 164 3 
154 164 158 3 
157 170 161 3 
190 166 181 3 
145 166 144 3 
140 155 179 3 
165 151 161 3 
163 156 160 3 
164 154 151 3 
173 152 162 3 
161 141 157 3 
181 156 163 3 
186 155 171 3 
171 155 169 3 
161 151 141 3 
169 155 159 3 
162 152 153 3 
4 139 151 3 
141 151 139 3 
147 150 148 3 
150 147 149 3 
142 149 147 3 
163 148 150 3 
135 146 142 3 
143 145 144 3 
181 145 156 3 
146 135 136 3 
138 2 137 3 
2 138 140 3 
136 135 127 3 
149 142 146 3 
130 133 131 3 
152 173 157 3 
133 130 132 3 
131 111 130 3 
111 131 129 3 
124 129 128 3 
122 129 124 3 
127 135 126 3 
118 125 121 3 
129 122 110 3 
127 126 123 3 
114 125 118 3 
125 114 120 3 
113 119 116 3 
126 117 123 3 
125 2 121 3 
120 114 112 3 
119 113 117 3 
116 108 113 3 
91 112 105 3 
129 110 111 3 
117 126 119 3 
72 111 110 3 
108 116 109 3 
81 110 99 3 
2 125 134 3 
94 109 98 3 
114 105 112 3 
87 73 84 3 
89 103 102 3 
4 104 115 3 
87 3 73 3 
95 101 97 3 
103 89 100 3 
112 91 99 3 
107 109 106 3 
110 81 66 3 
109 94 106 3 
82 97 83 3 
97 93 95 3 
92 100 90 3 
99 85 81 3 
109 107 108 3 
100 92 96 3 
90 100 89 3 
110 66 72 3 
89 102 87 3 
97 86 93 3 
74 86 82 3 
86 97 82 3 
104 87 102 3 
86 74 68 3 
76 85 78 3 
85 99 91 3 
98 77 88 3 
88 79 80 3 
75 85 76 3 
88 77 79 3 
85 75 81 3 
98 88 94 3 
77 98 72 3 
86 70 71 3 
65 70 68 3 
72 66 69 3 
69 66 64 3 
3 87 104 3 
70 86 68 3 
66 63 64 3 
64 63 58 3 
111 72 98 3 
3 62 67 3 
56 62 46 3 
58 63 59 3 
68 60 65 3 
41 60 57 3 
65 60 61 3 
59 26 58 3 
41 57 53 3 
43 56 46 3 
42 61 60 3 
23 54 47 3 
41 53 45 3 
55 47 54 3 
52 48 50 3 
56 43 51 3 
50 48 49 3 
49 48 38 3 
58 26 48 3 
26 59 54 3 
32 61 42 3 
40 51 43 3 
30 45 44 3 
51 40 44 3 
35 44 40 3 
28 47 32 3 
60 41 42 3 
34 40 33 3 
30 44 39 3 
44 31 39 3 
48 37 38 3 
29 36 30 3 
31 44 35 3 
35 40 34 3 
45 30 36 3 
45 36 41 3 
27 47 28 3 
23 47 27 3 
24 27 25 3 
48 26 37 3 
20 54 23 3 
27 24 23 3 
54 20 26 3 
20 23 22 3 
20 22 19 3 
26 16 21 3 
61 32 47 3 
20 17 16 3 
21 11 18 3 
16 17 14 3 
16 26 20 3 
10 16 13 3 
8 16 10 3 
12 18 11 3 
18 12 15 3 
7 10 6 3 
16 8 11 3 
11 8 9 3 
8 7 5 3 
8 10 7 3 
11 21 16 3 
2 140 179 3 
3 104 4 3 
62 3 46 3 
288 437 450 3 
421 289 424 3 
354 290 360 3 
402 291 426 3 
570 574 562 3 
569 573 561 3 
567 564 572 3 
565 571 559 3 
562 568 555 3 
561 566 556 3 
563 559 571 3 
568 562 574 3 
558 564 554 3 
559 563 553 3 
566 561 573 3 
551 562 555 3 
560 564 567 3 
547 558 539 3 
557 553 563 3 
553 557 537 3 
552 556 536 3 
551 555 535 3 
556 552 561 3 
560 554 564 3 
545 553 537 3 
543 551 535 3 
549 541 556 3 
548 540 557 3 
523 547 531 3 
539 554 538 3 
538 546 522 3 
554 539 558 3 
544 552 536 3 
542 550 534 3 
550 542 555 3 
535 542 527 3 
541 549 533 3 
536 541 533 3 
540 548 532 3 
537 540 529 3 
539 531 547 3 
546 538 554 3 
530 538 522 3 
532 529 540 3 
524 532 548 3 
541 536 556 3 
526 534 550 3 
542 535 555 3 
527 534 510 3 
525 533 549 3 
528 533 511 3 
540 537 557 3 
529 532 514 3 
523 531 512 3 
538 530 539 3 
531 539 530 3 
530 512 531 3 
521 529 514 3 
535 519 543 3 
533 528 536 3 
536 520 544 3 
527 519 535 3 
528 520 536 3 
534 527 542 3 
519 527 517 3 
518 528 511 3 
524 514 532 3 
513 512 530 3 
529 521 537 3 
537 521 545 3 
520 528 518 3 
517 527 510 3 
510 534 516 3 
525 511 533 3 
505 514 504 3 
522 513 530 3 
512 513 501 3 
514 505 521 3 
515 511 525 3 
511 509 518 3 
492 507 498 3 
508 509 511 3 
508 498 509 3 
526 516 534 3 
493 498 508 3 
506 517 507 3 
504 503 505 3 
501 500 502 3 
501 502 512 3 
500 501 499 3 
499 495 500 3 
493 492 498 3 
496 497 483 3 
496 495 499 3 
495 496 487 3 
483 487 496 3 
493 494 453 3 
510 507 517 3 
492 493 480 3 
491 492 485 3 
503 504 489 3 
507 492 506 3 
484 489 482 3 
488 489 490 3 
488 479 489 3 
486 487 481 3 
483 481 487 3 
489 484 503 3 
480 485 492 3 
479 482 489 3 
481 483 475 3 
479 488 478 3 
474 475 483 3 
478 488 471 3 
469 475 470 3 
476 471 488 3 
493 453 480 3 
471 473 466 3 
474 472 475 3 
470 472 463 3 
473 471 476 3 
466 473 442 3 
472 470 475 3 
453 468 432 3 
464 467 444 3 
465 444 467 3 
463 462 470 3 
462 463 461 3 
459 461 463 3 
459 455 461 3 
460 444 465 3 
455 459 451 3 
457 464 444 3 
477 453 494 3 
451 445 455 3 
452 451 454 3 
450 468 288 3 
451 452 438 3 
445 451 441 3 
448 457 444 3 
468 453 477 3 
431 453 432 3 
466 442 427 3 
448 438 452 3 
447 443 450 3 
438 441 451 3 
449 439 460 3 
444 428 448 3 
450 443 468 3 
458 442 473 3 
456 442 458 3 
428 438 448 3 
446 442 456 3 
440 439 449 3 
438 426 291 3 
426 438 428 3 
435 437 434 3 
436 434 437 3 
434 436 429 3 
437 435 450 3 
429 433 422 3 
431 432 430 3 
443 432 468 3 
423 422 433 3 
424 289 425 3 
427 425 289 3 
414 422 423 3 
433 429 436 3 
418 420 417 3 
444 460 439 3 
419 417 420 3 
417 398 418 3 
416 418 398 3 
415 416 411 3 
411 416 409 3 
413 422 414 3 
408 412 405 3 
397 409 416 3 
410 413 414 3 
405 412 401 3 
407 401 412 3 
403 406 400 3 
410 404 413 3 
408 289 412 3 
399 401 407 3 
404 400 406 3 
400 395 403 3 
392 399 378 3 
398 397 416 3 
406 413 404 3 
397 398 359 3 
396 403 395 3 
386 397 368 3 
421 412 289 3 
385 396 381 3 
399 392 401 3 
371 360 374 3 
389 390 376 3 
402 391 291 3 
360 290 374 3 
384 388 382 3 
387 376 390 3 
386 378 399 3 
393 396 394 3 
353 368 397 3 
393 381 396 3 
370 384 369 3 
382 380 384 3 
377 387 379 3 
368 372 386 3 
395 394 396 3 
383 379 387 3 
376 387 377 3 
359 353 397 3 
374 389 376 3 
380 373 384 3 
369 373 361 3 
369 384 373 3 
389 374 391 3 
355 361 373 3 
365 372 363 3 
378 386 372 3 
375 364 385 3 
367 366 375 3 
363 372 362 3 
366 364 375 3 
368 362 372 3 
381 375 385 3 
359 385 364 3 
358 357 373 3 
355 357 352 3 
356 353 359 3 
351 353 356 3 
391 374 290 3 
355 373 357 3 
351 350 353 3 
345 350 351 3 
385 359 398 3 
354 349 290 3 
333 349 343 3 
346 350 345 3 
352 347 355 3 
344 347 328 3 
348 347 352 3 
345 313 346 3 
340 344 328 3 
333 343 330 3 
347 348 329 3 
334 341 310 3 
332 340 328 3 
341 334 342 3 
337 335 339 3 
338 330 343 3 
336 335 337 3 
325 335 336 3 
335 313 345 3 
341 346 313 3 
329 348 319 3 
330 338 327 3 
331 332 317 3 
331 327 338 3 
327 331 322 3 
319 334 315 3 
329 328 347 3 
320 327 321 3 
326 331 317 3 
326 318 331 3 
325 324 335 3 
317 323 316 3 
322 331 318 3 
321 327 322 3 
323 317 332 3 
328 323 332 3 
315 334 314 3 
314 334 310 3 
312 314 311 3 
324 313 335 3 
310 341 307 3 
310 311 314 3 
313 307 341 3 
309 310 307 3 
306 309 307 3 
308 303 313 3 
334 319 348 3 
303 304 307 3 
305 298 308 3 
301 304 303 3 
307 313 303 3 
300 303 297 3 
297 303 295 3 
298 305 299 3 
302 299 305 3 
293 297 294 3 
298 295 303 3 
296 295 298 3 
292 294 295 3 
294 297 295 3 
303 308 298 3 
466 427 289 3 
291 391 290 3 
333 290 349 3 
1 150 437 3 
1 437 288 3 
181 1 288 3 
181 288 468 3 
121 2 289 3 
121 289 408 3 
2 179 466 3 
2 466 289 3 
3 4 291 3 
3 291 290 3 
46 3 290 3 
46 290 333 3 
4 151 438 3 
4 438 291 3 
5 7 294 3 
5 294 292 3 
8 5 292 3 
8 292 295 3 
7 6 293 3 
7 293 294 3 
6 10 297 3 
6 297 293 3 
9 8 295 3 
9 295 296 3 
11 9 296 3 
11 296 298 3 
10 13 300 3 
10 300 297 3 
12 11 298 3 
12 298 299 3 
15 12 299 3 
15 299 302 3 
13 16 303 3 
13 303 300 3 
16 14 301 3 
16 301 303 3 
14 17 304 3 
14 304 301 3 
18 15 302 3 
18 302 305 3 
17 20 307 3 
17 307 304 3 
21 18 305 3 
21 305 308 3 
20 19 306 3 
20 306 307 3 
19 22 309 3 
19 309 306 3 
26 21 308 3 
26 308 313 3 
22 23 310 3 
22 310 309 3 
23 24 311 3 
23 311 310 3 
24 25 312 3 
24 312 311 3 
25 27 314 3 
25 314 312 3 
37 26 313 3 
37 313 324 3 
27 28 315 3 
27 315 314 3 
28 32 319 3 
28 319 315 3 
29 30 317 3 
29 317 316 3 
36 29 316 3 
36 316 323 3 
30 39 326 3 
30 326 317 3 
31 35 322 3 
31 322 318 3 
39 31 318 3 
39 318 326 3 
32 42 329 3 
32 329 319 3 
34 33 320 3 
34 320 321 3 
33 40 327 3 
33 327 320 3 
35 34 321 3 
35 321 322 3 
41 36 323 3 
41 323 328 3 
38 37 324 3 
38 324 325 3 
49 38 325 3 
49 325 336 3 
40 43 330 3 
40 330 327 3 
42 41 328 3 
42 328 329 3 
43 46 333 3 
43 333 330 3 
44 45 332 3 
44 332 331 3 
51 44 331 3 
51 331 338 3 
45 53 340 3 
45 340 332 3 
47 55 342 3 
47 342 334 3 
61 47 334 3 
61 334 348 3 
48 52 339 3 
48 339 335 3 
58 48 335 3 
58 335 345 3 
50 49 336 3 
50 336 337 3 
52 50 337 3 
52 337 339 3 
56 51 338 3 
56 338 343 3 
53 57 344 3 
53 344 340 3 
55 54 341 3 
55 341 342 3 
54 59 346 3 
54 346 341 3 
62 56 343 3 
62 343 349 3 
57 60 347 3 
57 347 344 3 
64 58 345 3 
64 345 351 3 
59 63 350 3 
59 350 346 3 
60 68 355 3 
60 355 347 3 
65 61 348 3 
65 348 352 3 
67 62 349 3 
67 349 354 3 
63 66 353 3 
63 353 350 3 
69 64 351 3 
69 351 356 3 
70 65 352 3 
70 352 357 3 
66 81 368 3 
66 368 353 3 
73 67 354 3 
73 354 360 3 
68 74 361 3 
68 361 355 3 
72 69 356 3 
72 356 359 3 
71 70 357 3 
71 357 358 3 
86 71 358 3 
86 358 373 3 
77 72 359 3 
77 359 364 3 
84 73 360 3 
84 360 371 3 
74 82 369 3 
74 369 361 3 
75 76 363 3 
75 363 362 3 
81 75 362 3 
81 362 368 3 
76 78 365 3 
76 365 363 3 
79 77 364 3 
79 364 366 3 
78 85 372 3 
78 372 365 3 
80 79 366 3 
80 366 367 3 
88 80 367 3 
88 367 375 3 
82 83 370 3 
82 370 369 3 
83 97 384 3 
83 384 370 3 
87 84 371 3 
87 371 374 3 
85 91 378 3 
85 378 372 3 
93 86 373 3 
93 373 380 3 
89 87 374 3 
89 374 376 3 
94 88 375 3 
94 375 381 3 
90 89 376 3 
90 376 377 3 
92 90 377 3 
92 377 379 3 
91 105 392 3 
91 392 378 3 
96 92 379 3 
96 379 383 3 
95 93 380 3 
95 380 382 3 
106 94 381 3 
106 381 393 3 
101 95 382 3 
101 382 388 3 
100 96 383 3 
100 383 387 3 
97 101 388 3 
97 388 384 3 
98 109 396 3 
98 396 385 3 
111 98 385 3 
111 385 398 3 
99 110 397 3 
99 397 386 3 
112 99 386 3 
112 386 399 3 
103 100 387 3 
103 387 390 3 
102 103 390 3 
102 390 389 3 
104 102 389 3 
104 389 391 3 
115 104 391 3 
115 391 402 3 
105 114 401 3 
105 401 392 3 
107 106 393 3 
107 393 394 3 
108 107 394 3 
108 394 395 3 
113 108 395 3 
113 395 400 3 
109 116 403 3 
109 403 396 3 
110 122 409 3 
110 409 397 3 
130 111 398 3 
130 398 417 3 
120 112 399 3 
120 399 407 3 
117 113 400 3 
117 400 404 3 
114 118 405 3 
114 405 401 3 
139 115 402 3 
139 402 426 3 
116 119 406 3 
116 406 403 3 
123 117 404 3 
123 404 410 3 
118 121 408 3 
118 408 405 3 
119 126 413 3 
119 413 406 3 
125 120 407 3 
125 407 412 3 
122 124 411 3 
122 411 409 3 
127 123 410 3 
127 410 414 3 
124 128 415 3 
124 415 411 3 
134 125 412 3 
134 412 421 3 
126 135 422 3 
126 422 413 3 
136 127 414 3 
136 414 423 3 
128 129 416 3 
128 416 415 3 
129 131 418 3 
129 418 416 3 
132 130 417 3 
132 417 419 3 
131 133 420 3 
131 420 418 3 
133 132 419 3 
133 419 420 3 
137 134 421 3 
137 421 424 3 
135 142 429 3 
135 429 422 3 
146 136 423 3 
146 423 433 3 
138 137 424 3 
138 424 425 3 
140 138 425 3 
140 425 427 3 
141 139 426 3 
141 426 428 3 
155 140 427 3 
155 427 442 3 
157 141 428 3 
157 428 444 3 
142 147 434 3 
142 434 429 3 
143 144 431 3 
143 431 430 3 
145 143 430 3 
145 430 432 3 
144 166 453 3 
144 453 431 3 
156 145 432 3 
156 432 443 3 
149 146 433 3 
149 433 436 3 
147 148 435 3 
147 435 434 3 
148 163 450 3 
148 450 435 3 
150 149 436 3 
150 436 437 3 
151 154 441 3 
151 441 438 3 
153 152 439 3 
153 439 440 3 
152 157 444 3 
152 444 439 3 
162 153 440 3 
162 440 449 3 
154 158 445 3 
154 445 441 3 
159 155 442 3 
159 442 446 3 
160 156 443 3 
160 443 447 3 
158 168 455 3 
158 455 445 3 
169 159 446 3 
169 446 456 3 
163 160 447 3 
163 447 450 3 
165 161 448 3 
165 448 452 3 
161 170 457 3 
161 457 448 3 
173 162 449 3 
173 449 460 3 
164 167 454 3 
164 454 451 3 
172 164 451 3 
172 451 459 3 
167 165 452 3 
167 452 454 3 
166 193 480 3 
166 480 453 3 
168 174 461 3 
168 461 455 3 
171 169 456 3 
171 456 458 3 
170 177 464 3 
170 464 457 3 
186 171 458 3 
186 458 473 3 
176 172 459 3 
176 459 463 3 
178 173 460 3 
178 460 465 3 
174 175 462 3 
174 462 461 3 
175 183 470 3 
175 470 462 3 
185 176 463 3 
185 463 472 3 
177 180 467 3 
177 467 464 3 
180 178 465 3 
180 465 467 3 
179 184 471 3 
179 471 466 3 
190 181 468 3 
190 468 477 3 
183 182 469 3 
183 469 470 3 
182 188 475 3 
182 475 469 3 
184 191 478 3 
184 478 471 3 
187 185 472 3 
187 472 474 3 
189 186 473 3 
189 473 476 3 
196 187 474 3 
196 474 483 3 
188 194 481 3 
188 481 475 3 
201 189 476 3 
201 476 488 3 
207 190 477 3 
207 477 494 3 
191 192 479 3 
191 479 478 3 
192 195 482 3 
192 482 479 3 
193 198 485 3 
193 485 480 3 
194 199 486 3 
194 486 481 3 
195 197 484 3 
195 484 482 3 
210 196 483 3 
210 483 497 3 
197 216 503 3 
197 503 484 3 
198 204 491 3 
198 491 485 3 
199 200 487 3 
199 487 486 3 
200 208 495 3 
200 495 487 3 
203 201 488 3 
203 488 490 3 
202 203 490 3 
202 490 489 3 
217 202 489 3 
217 489 504 3 
204 205 492 3 
204 492 491 3 
205 219 506 3 
205 506 492 3 
206 207 494 3 
206 494 493 3 
221 206 493 3 
221 493 508 3 
208 213 500 3 
208 500 495 3 
209 210 497 3 
209 497 496 3 
212 209 496 3 
212 496 499 3 
220 211 498 3 
220 498 507 3 
211 222 509 3 
211 509 498 3 
214 212 499 3 
214 499 501 3 
213 215 502 3 
213 502 500 3 
226 214 501 3 
226 501 513 3 
215 225 512 3 
215 512 502 3 
216 218 505 3 
216 505 503 3 
227 217 504 3 
227 504 514 3 
218 234 521 3 
218 521 505 3 
219 230 517 3 
219 517 506 3 
223 220 507 3 
223 507 510 3 
224 221 508 3 
224 508 511 3 
222 231 518 3 
222 518 509 3 
229 223 510 3 
229 510 516 3 
228 224 511 3 
228 511 515 3 
225 236 523 3 
225 523 512 3 
235 226 513 3 
235 513 522 3 
237 227 514 3 
237 514 524 3 
238 228 515 3 
238 515 525 3 
239 229 516 3 
239 516 526 3 
230 232 519 3 
230 519 517 3 
231 233 520 3 
231 520 518 3 
232 256 543 3 
232 543 519 3 
233 257 544 3 
233 544 520 3 
234 258 545 3 
234 545 521 3 
259 235 522 3 
259 522 546 3 
236 260 547 3 
236 547 523 3 
261 237 524 3 
261 524 548 3 
262 238 525 3 
262 525 549 3 
263 239 526 3 
263 526 550 3 
256 264 551 3 
256 551 543 3 
257 265 552 3 
257 552 544 3 
258 266 553 3 
258 553 545 3 
267 259 546 3 
267 546 554 3 
260 271 558 3 
260 558 547 3 
270 261 548 3 
270 548 557 3 
269 262 549 3 
269 549 556 3 
268 263 550 3 
268 550 555 3 
264 275 562 3 
264 562 551 3 
265 274 561 3 
265 561 552 3 
266 272 559 3 
266 559 553 3 
273 267 554 3 
273 554 560 3 
281 268 555 3 
281 555 568 3 
279 269 556 3 
279 556 566 3 
276 270 557 3 
276 557 563 3 
271 277 564 3 
271 564 558 3 
272 278 565 3 
272 565 559 3 
280 273 560 3 
280 560 567 3 
274 282 569 3 
274 569 561 3 
275 283 570 3 
275 570 562 3 
284 276 563 3 
284 563 571 3 
277 285 572 3 
277 572 564 3 
278 284 571 3 
278 571 565 3 
286 279 566 3 
286 566 573 3 
285 280 567 3 
285 567 572 3 
287 281 568 3 
287 568 574 3 
282 286 573 3 
282 573 569 3 
283 287 574 3 
283 574 570 3 
653 659 657 2 
659 653 656 2 
652 656 653 2 
650 655 654 1 
660 658 655 1 
658 654 655 1 
653 649 652 2 
644 652 649 2 
655 650 651 1 
641 649 645 2 
652 644 648 2 
642 651 650 1 
642 650 646 1 
640 648 644 2 
645 633 641 2 
637 644 641 2 
639 647 643 1 
638 643 642 1 
651 642 643 1 
648 640 636 2 
644 637 640 2 
649 641 644 2 
630 640 637 2 
647 639 635 1 
631 639 638 1 
643 638 639 1 
646 634 642 1 
630 637 633 2 
642 634 638 1 
641 633 637 2 
640 630 632 2 
651 643 647 1 
629 638 634 1 
627 632 630 2 
638 629 631 1 
639 631 635 1 
630 633 628 2 
629 625 631 1 
630 626 627 2 
622 627 626 2 
640 632 636 2 
614 624 622 2 
629 623 625 1 
620 625 623 1 
627 622 624 2 
625 620 621 1 
621 620 619 1 
620 618 619 1 
617 609 610 1 
608 616 607 2 
595 619 618 1 
613 615 614 2 
624 614 615 2 
613 611 612 2 
602 612 611 2 
612 602 603 2 
580 610 609 1 
578 608 607 2 
577 607 604 2 
591 609 600 1 
582 608 578 2 
581 604 598 2 
599 603 602 2 
614 611 613 2 
601 591 600 1 
619 595 601 1 
603 599 594 2 
581 598 587 2 
579 609 584 1 
609 591 584 1 
591 601 595 1 
590 594 593 2 
610 583 606 1 
592 589 590 2 
599 593 594 2 
590 593 592 2 
607 577 578 2 
608 582 605 2 
584 591 588 1 
604 581 577 2 
580 609 579 1 
606 583 597 1 
583 610 580 1 
605 589 592 2 
597 583 586 1 
605 592 596 2 
589 605 582 2 
575 578 577 2 
580 579 576 1 
589 582 585 2 
743 745 739 2 
742 739 745 2 
739 742 738 2 
740 741 736 1 
741 744 746 1 
741 740 744 1 
738 735 739 2 
735 738 730 2 
737 736 741 1 
731 735 727 2 
734 730 738 2 
736 737 728 1 
732 736 728 1 
730 734 726 2 
727 719 731 2 
727 730 723 2 
729 733 725 1 
728 729 724 1 
729 728 737 1 
722 726 734 2 
726 723 730 2 
730 727 735 2 
723 726 716 2 
721 725 733 1 
724 725 717 1 
725 724 729 1 
728 720 732 1 
719 723 716 2 
724 720 728 1 
723 719 727 2 
718 716 726 2 
733 729 737 1 
720 724 715 1 
716 718 713 2 
717 715 724 1 
721 717 725 1 
714 719 716 2 
717 711 715 1 
713 712 716 2 
712 713 708 2 
722 718 726 2 
708 710 700 2 
711 709 715 1 
709 711 706 1 
710 708 713 2 
707 706 711 1 
705 706 707 1 
705 704 706 1 
696 695 703 1 
693 702 694 2 
704 705 681 1 
700 701 699 2 
701 700 710 2 
698 697 699 2 
697 698 688 2 
689 688 698 2 
695 696 666 1 
693 694 664 2 
690 693 663 2 
686 695 677 1 
664 694 668 2 
684 690 667 2 
688 689 685 2 
699 697 700 2 
686 677 687 1 
687 681 705 1 
680 685 689 2 
673 684 667 2 
670 695 665 1 
670 677 695 1 
681 687 677 1 
679 680 676 2 
692 669 696 1 
676 675 678 2 
680 679 685 2 
678 679 676 2 
664 663 693 2 
691 668 694 2 
674 677 670 1 
663 667 690 2 
665 695 666 1 
683 669 692 1 
666 696 669 1 
678 675 691 2 
672 669 683 1 
682 678 691 2 
668 691 675 2 
663 664 661 2 
662 665 666 1 
671 668 675 2 
575 577 663 2 
575 663 661 2 
578 575 661 2 
578 661 664 2 
577 581 667 2 
577 667 663 2 
582 578 664 2 
582 664 668 2 
581 587 673 2 
581 673 667 2 
585 582 668 2 
585 668 671 2 
589 585 671 2 
589 671 675 2 
587 598 684 2 
587 684 673 2 
590 589 675 2 
590 675 676 2 
594 590 676 2 
594 676 680 2 
592 593 679 2 
592 679 678 2 
596 592 678 2 
596 678 682 2 
593 599 685 2 
593 685 679 2 
603 594 680 2 
603 680 689 2 
605 596 682 2 
605 682 691 2 
598 604 690 2 
598 690 684 2 
599 602 688 2 
599 688 685 2 
602 611 697 2 
602 697 688 2 
612 603 689 2 
612 689 698 2 
604 607 693 2 
604 693 690 2 
608 605 691 2 
608 691 694 2 
607 616 702 2 
607 702 693 2 
616 608 694 2 
616 694 702 2 
611 614 700 2 
611 700 697 2 
613 612 698 2 
613 698 699 2 
615 613 699 2 
615 699 701 2 
614 622 708 2 
614 708 700 2 
624 615 701 2 
624 701 710 2 
622 626 712 2 
622 712 708 2 
627 624 710 2 
627 710 713 2 
626 630 716 2 
626 716 712 2 
632 627 713 2 
632 713 718 2 
630 628 714 2 
630 714 716 2 
628 633 719 2 
628 719 714 2 
636 632 718 2 
636 718 722 2 
633 645 731 2 
633 731 719 2 
648 636 722 2 
648 722 734 2 
645 649 735 2 
645 735 731 2 
652 648 734 2 
652 734 738 2 
649 653 739 2 
649 739 735 2 
656 652 738 2 
656 738 742 2 
653 657 743 2 
653 743 739 2 
659 656 742 2 
659 742 745 2 
657 659 745 2 
657 745 743 2 
576 579 665 1 
576 665 662 1 
580 576 662 1 
580 662 666 1 
579 584 670 1 
579 670 665 1 
583 580 666 1 
583 666 669 1 
586 583 669 1 
586 669 672 1 
584 588 674 1 
584 674 670 1 
597 586 672 1 
597 672 683 1 
588 591 677 1 
588 677 674 1 
591 595 681 1 
591 681 677 1 
595 618 704 1 
595 704 681 1 
606 597 683 1 
606 683 692 1 
601 600 686 1 
601 686 687 1 
600 609 695 1 
600 695 686 1 
619 601 687 1 
619 687 705 1 
610 606 692 1 
610 692 696 1 
609 617 703 1 
609 703 695 1 
617 610 696 1 
617 696 703 1 
618 620 706 1 
618 706 704 1 
621 619 705 1 
621 705 707 1 
620 623 709 1 
620 709 706 1 
625 621 707 1 
625 707 711 1 
623 629 715 1 
623 715 709 1 
631 625 711 1 
631 711 717 1 
629 634 720 1 
629 720 715 1 
635 631 717 1 
635 717 721 1 
634 646 732 1 
634 732 720 1 
647 635 721 1 
647 721 733 1 
646 650 736 1 
646 736 732 1 
651 647 733 1 
651 733 737 1 
650 654 740 1 
650 740 736 1 
655 651 737 1 
655 737 741 1 
654 658 744 1 
654 744 740 1 
660 655 741 1 
660 741 746 1 
658 660 746 1 
658 746 744 1 
755 758 757 2 
758 755 756 2 
754 749 753 2 
757 753 755 2 
747 752 749 2 
753 757 754 2 
751 750 748 2 
750 747 748 2 
753 749 752 2 
752 747 750 2 
769 770 767 2 
768 767 770 2 
765 761 766 2 
767 765 769 2 
761 764 759 2 
766 769 765 2 
760 762 763 2 
760 759 762 2 
764 761 765 2 
762 759 764 2 
748 747 759 2 
748 759 760 2 
747 749 761 2 
747 761 759 2 
751 748 760 2 
751 760 763 2 
749 754 766 2 
749 766 761 2 
750 751 763 2 
750 763 762 2 
752 750 762 2 
752 762 764 2 
753 752 764 2 
753 764 765 2 
755 753 765 2 
755 765 767 2 
754 757 769 2 
754 769 766 2 
756 755 767 2 
756 767 768 2 
758 756 768 2 
758 768 770 2 
757 758 770 2 
757 770 769 2 
779 782 781 1 
782 779 780 1 
778 773 777 1 
781 777 779 1 
771 776 773 1 
777 781 778 1 
775 774 772 1 
774 771 772 1 
777 773 776 1 
776 771 774 1 
793 794 791 1 
792 791 794 1 
789 785 790 1 
791 789 793 1 
785 788 783 1 
790 793 789 1 
784 786 787 1 
784 783 786 1 
788 785 789 1 
786 783 788 1 
772 771 783 1 
772 783 784 1 
771 773 785 1 
771 785 783 1 
775 772 784 1 
775 784 787 1 
773 778 790 1 
773 790 785 1 
774 775 787 1 
774 787 786 1 
776 774 786 1 
776 786 788 1 
777 776 788 1 
777 788 789 1 
779 777 789 1 
779 789 791 1 
778 781 793 1 
778 793 790 1 
780 779 791 1 
780 791 792 1 
782 780 792 1 
782 792 794 1 
781 782 794 1 
781 794 793 1 
803 806 805 3 
806 803 804 3 
802 797 801 3 
805 801 803 3 
795 800 797 3 
801 805 802 3 
799 798 796 3 
798 795 796 3 
801 797 800 3 
800 795 798 3 
817 818 815 3 
816 815 818 3 
813 809 814 3 
815 813 817 3 
809 812 807 3 
814 817 813 3 
808 810 811 3 
808 807 810 3 
812 809 813 3 
810 807 812 3 
796 795 807 3 
796 807 808 3 
795 797 809 3 
795 809 807 3 
799 796 808 3 
799 808 811 3 
797 802 814 3 
797 814 809 3 
798 799 811 3 
798 811 810 3 
800 798 810 3 
800 810 812 3 
801 800 812 3 
801 812 813 3 
803 801 813 3 
803 813 815 3 
802 805 817 3 
802 817 814 3 
804 803 815 3 
804 815 816 3 
806 804 816 3 
806 816 818 3 
805 806 818 3 
805 818 817 3 
827 830 829 3 
830 827 828 3 
826 821 825 3 
829 825 827 3 
819 824 821 3 
825 829 826 3 
823 822 820 3 
822 819 820 3 
825 821 824 3 
824 819 822 3 
841 842 839 3 
840 839 842 3 
837 833 838 3 
839 837 841 3 
833 836 831 3 
838 841 837 3 
832 834 835 3 
832 831 834 3 
836 833 837 3 
834 831 836 3 
820 819 831 3 
820 831 832 3 
819 821 833 3 
819 833 831 3 
823 820 832 3 
823 832 835 3 
821 826 838 3 
821 838 833 3 
822 823 835 3 
822 835 834 3 
824 822 834 3 
824 834 836 3 
825 824 836 3 
825 836 837 3 
827 825 837 3 
827 837 839 3 
826 829 841 3 
826 841 838 3 
828 827 839 3 
828 839 840 3 
830 828 840 3 
830 840 842 3 
829 830 842 3 
829 842 841 3 
851 854 853 3 
854 851 852 3 
850 845 849 3 
853 849 851 3 
843 848 845 3 
849 853 850 3 
847 846 844 3 
846 843 844 3 
849 845 848 3 
848 843 846 3 
865 866 863 3 
864 863 866 3 
861 857 862 3 
863 861 865 3 
857 860 855 3 
862 865 861 3 
856 858 859 3 
856 855 858 3 
860 857 861 3 
858 855 860 3 
844 843 855 3 
844 855 856 3 
843 845 857 3 
843 857 855 3 
847 844 856 3 
847 856 859 3 
845 850 862 3 
845 862 857 3 
846 847 859 3 
846 859 858 3 
848 846 858 3 
848 858 860 3 
849 848 860 3 
849 860 861 3 
851 849 861 3 
851 861 863 3 
850 853 865 3 
850 865 862 3 
852 851 863 3 
852 863 864 3 
854 852 864 3 
854 864 866 3 
853 854 866 3 
853 866 865 3 
875 878 877 3 
878 875 876 3 
874 869 873 3 
877 873 875 3 
867 872 869 3 
873 877 874 3 
871 870 868 3 
870 867 868 3 
873 869 872 3 
872 867 870 3 
889 890 887 3 
888 887 890 3 
885 881 886 3 
887 885 889 3 
881 884 879 3 
886 889 885 3 
880 882 883 3 
880 879 882 3 
884 881 885 3 
882 879 884 3 
868 867 879 3 
868 879 880 3 
867 869 881 3 
867 881 879 3 
871 868 880 3 
871 880 883 3 
869 874 886 3 
869 886 881 3 
870 871 883 3 
870 883 882 3 
872 870 882 3 
872 882 884 3 
873 872 884 3 
873 884 885 3 
875 873 885 3 
875 885 887 3 
874 877 889 3 
874 889 886 3 
876 875 887 3 
876 887 888 3 
878 876 888 3 
878 888 890 3 
877 878 890 3 
877 890 889 3 