1 2 27 1 
2 28 27 1 
2 3 28 1 
3 29 28 1 
3 4 29 1 
4 30 29 1 
4 5 30 1 
5 31 30 1 
5 6 31 1 
6 32 31 1 
6 7 32 1 
7 33 32 1 
7 8 33 1 
8 34 33 1 
8 9 34 1 
9 35 34 1 
9 10 35 1 
10 36 35 1 
10 11 36 1 
11 37 36 1 
11 12 37 1 
12 38 37 1 
12 13 38 1 
13 39 38 1 
13 14 39 1 
14 40 39 1 
14 15 40 1 
15 41 40 1 
15 16 41 1 
16 42 41 1 
16 17 42 1 
17 43 42 1 
17 18 43 1 
18 44 43 1 
18 19 44 1 
19 45 44 1 
19 20 45 1 
20 46 45 1 
20 21 46 1 
21 47 46 1 
21 22 47 1 
22 48 47 1 
22 23 48 1 
23 49 48 1 
23 24 49 1 
24 50 49 1 
24 25 50 1 
25 51 50 1 
25 26 51 1 
26 52 51 1 
27 28 53 1 
28 54 53 1 
28 29 54 1 
29 55 54 1 
29 30 55 1 
30 56 55 1 
30 31 56 1 
31 57 56 1 
31 32 57 1 
32 58 57 1 
32 33 58 1 
33 59 58 1 
33 34 59 1 
34 60 59 1 
34 35 60 1 
35 61 60 1 
35 36 61 1 
36 62 61 1 
36 37 62 1 
37 63 62 1 
37 38 63 1 
38 64 63 1 
38 39 64 1 
39 65 64 1 
39 40 65 1 
40 66 65 1 
40 41 66 1 
41 67 66 1 
41 42 67 1 
42 68 67 1 
42 43 68 1 
43 69 68 1 
43 44 69 1 
44 70 69 1 
44 45 70 1 
45 71 70 1 
45 46 71 1 
46 72 71 1 
46 47 72 1 
47 73 72 1 
47 48 73 1 
48 74 73 1 
48 49 74 1 
49 75 74 1 
49 50 75 1 
50 76 75 1 
50 51 76 1 
51 77 76 1 
51 52 77 1 
52 78 77 1 
53 54 79 1 
54 80 79 1 
54 55 80 1 
55 81 80 1 
55 56 81 1 
56 82 81 1 
56 57 82 1 
57 83 82 1 
57 58 83 1 
58 84 83 1 
58 59 84 1 
59 85 84 1 
59 60 85 1 
60 86 85 1 
60 61 86 1 
61 87 86 1 
61 62 87 1 
62 88 87 1 
62 63 88 1 
63 89 88 1 
63 64 89 1 
64 90 89 1 
64 65 90 1 
65 91 90 1 
65 66 91 1 
66 92 91 1 
66 67 92 1 
67 93 92 1 
67 68 93 1 
68 94 93 1 
68 69 94 1 
69 95 94 1 
69 70 95 1 
70 96 95 1 
70 71 96 1 
71 97 96 1 
71 72 97 1 
72 98 97 1 
72 73 98 1 
73 99 98 1 
73 74 99 1 
74 100 99 1 
74 75 100 1 
75 101 100 1 
75 76 101 1 
76 102 101 1 
76 77 102 1 
77 103 102 1 
77 78 103 1 
78 104 103 1 
79 80 105 1 
80 106 105 1 
80 81 106 1 
81 107 106 1 
81 82 107 1 
82 108 107 1 
82 83 108 1 
83 109 108 1 
83 84 109 1 
84 110 109 1 
84 85 110 1 
85 111 110 1 
85 86 111 1 
86 112 111 1 
86 87 112 1 
87 113 112 1 
87 88 113 1 
88 114 113 1 
88 89 114 1 
89 115 114 1 
89 90 115 1 
90 116 115 1 
90 91 116 1 
91 117 116 1 
91 92 117 1 
92 118 117 1 
92 93 118 1 
93 119 118 1 
93 94 119 1 
94 120 119 1 
94 95 120 1 
95 121 120 1 
95 96 121 1 
96 122 121 1 
96 97 122 1 
97 123 122 1 
97 98 123 1 
98 124 123 1 
98 99 124 1 
99 125 124 1 
99 100 125 1 
100 126 125 1 
100 101 126 1 
101 127 126 1 
101 102 127 1 
102 128 127 1 
102 103 128 1 
103 129 128 1 
103 104 129 1 
104 130 129 1 
105 106 131 1 
106 132 131 1 
106 107 132 1 
107 133 132 1 
107 108 133 1 
108 134 133 1 
108 109 134 1 
109 135 134 1 
109 110 135 1 
110 136 135 1 
110 111 136 1 
111 137 136 1 
111 112 137 1 
112 138 137 1 
112 113 138 1 
113 139 138 1 
113 114 139 1 
114 140 139 1 
114 115 140 1 
115 141 140 1 
115 116 141 1 
116 142 141 1 
116 117 142 1 
117 143 142 1 
117 118 143 1 
118 144 143 1 
118 119 144 1 
119 145 144 1 
119 120 145 1 
120 146 145 1 
120 121 146 1 
121 147 146 1 
121 122 147 1 
122 148 147 1 
122 123 148 1 
123 149 148 1 
123 124 149 1 
124 150 149 1 
124 125 150 1 
125 151 150 1 
125 126 151 1 
126 152 151 1 
126 127 152 1 
127 153 152 1 
127 128 153 1 
128 154 153 1 
128 129 154 1 
129 155 154 1 
129 130 155 1 
130 156 155 1 
131 132 157 1 
132 158 157 1 
132 133 158 1 
133 159 158 1 
133 134 159 1 
134 160 159 1 
134 135 160 1 
135 161 160 1 
135 136 161 1 
136 162 161 1 
136 137 162 1 
137 163 162 1 
137 138 163 1 
138 164 163 1 
138 139 164 1 
139 165 164 1 
139 140 165 1 
140 166 165 1 
140 141 166 1 
141 167 166 1 
141 142 167 1 
142 168 167 1 
142 143 168 1 
143 169 168 1 
143 144 169 1 
144 170 169 1 
144 145 170 1 
145 171 170 1 
145 146 171 1 
146 172 171 1 
146 147 172 1 
147 173 172 1 
147 148 173 1 
148 174 173 1 
148 149 174 1 
149 175 174 1 
149 150 175 1 
150 176 175 1 
150 151 176 1 
151 177 176 1 
151 152 177 1 
152 178 177 1 
152 153 178 1 
153 179 178 1 
153 154 179 1 
154 180 179 1 
154 155 180 1 
155 181 180 1 
155 156 181 1 
156 182 181 1 
157 158 183 1 
158 184 183 1 
158 159 184 1 
159 185 184 1 
159 160 185 1 
160 186 185 1 
160 161 186 1 
161 187 186 1 
161 162 187 1 
162 188 187 1 
162 163 188 1 
163 189 188 1 
163 164 189 1 
164 190 189 1 
164 165 190 1 
165 191 190 1 
165 166 191 1 
166 192 191 1 
166 167 192 1 
167 193 192 1 
167 168 193 1 
168 194 193 1 
168 169 194 1 
169 195 194 1 
169 170 195 1 
170 196 195 1 
170 171 196 1 
171 197 196 1 
171 172 197 1 
172 198 197 1 
172 173 198 1 
173 199 198 1 
173 174 199 1 
174 200 199 1 
174 175 200 1 
175 201 200 1 
175 176 201 1 
176 202 201 1 
176 177 202 1 
177 203 202 1 
177 178 203 1 
178 204 203 1 
178 179 204 1 
179 205 204 1 
179 180 205 1 
180 206 205 1 
180 181 206 1 
181 207 206 1 
181 182 207 1 
182 208 207 1 
183 184 209 1 
184 210 209 1 
184 185 210 1 
185 211 210 1 
185 186 211 1 
186 212 211 1 
186 187 212 1 
187 213 212 1 
187 188 213 1 
188 214 213 1 
188 189 214 1 
189 215 214 1 
189 190 215 1 
190 216 215 1 
190 191 216 1 
191 217 216 1 
191 192 217 1 
192 218 217 1 
192 193 218 1 
193 219 218 1 
193 194 219 1 
194 220 219 1 
194 195 220 1 
195 221 220 1 
195 196 221 1 
196 222 221 1 
196 197 222 1 
197 223 222 1 
197 198 223 1 
198 224 223 1 
198 199 224 1 
199 225 224 1 
199 200 225 1 
200 226 225 1 
200 201 226 1 
201 227 226 1 
201 202 227 1 
202 228 227 1 
202 203 228 1 
203 229 228 1 
203 204 229 1 
204 230 229 1 
204 205 230 1 
205 231 230 1 
205 206 231 1 
206 232 231 1 
206 207 232 1 
207 233 232 1 
207 208 233 1 
208 234 233 1 
209 210 235 1 
210 236 235 1 
210 211 236 1 
211 237 236 1 
211 212 237 1 
212 238 237 1 
212 213 238 1 
213 239 238 1 
213 214 239 1 
214 240 239 1 
214 215 240 1 
215 241 240 1 
215 216 241 1 
216 242 241 1 
216 217 242 1 
217 243 242 1 
217 218 243 1 
218 244 243 1 
218 219 244 1 
219 245 244 1 
219 220 245 1 
220 246 245 1 
220 221 246 1 
221 247 246 1 
221 222 247 1 
222 248 247 1 
222 223 248 1 
223 249 248 1 
223 224 249 1 
224 250 249 1 
224 225 250 1 
225 251 250 1 
225 226 251 1 
226 252 251 1 
226 227 252 1 
227 253 252 1 
227 228 253 1 
228 254 253 1 
228 229 254 1 
229 255 254 1 
229 230 255 1 
230 256 255 1 
230 231 256 1 
231 257 256 1 
231 232 257 1 
232 258 257 1 
232 233 258 1 
233 259 258 1 
233 234 259 1 
234 260 259 1 
235 236 261 1 
236 262 261 1 
236 237 262 1 
237 263 262 1 
237 238 263 1 
238 264 263 1 
238 239 264 1 
239 265 264 1 
239 240 265 1 
240 266 265 1 
240 241 266 1 
241 267 266 1 
241 242 267 1 
242 268 267 1 
242 243 268 1 
243 269 268 1 
243 244 269 1 
244 270 269 1 
244 245 270 1 
245 271 270 1 
245 246 271 1 
246 272 271 1 
246 247 272 1 
247 273 272 1 
247 248 273 1 
248 274 273 1 
248 249 274 1 
249 275 274 1 
249 250 275 1 
250 276 275 1 
250 251 276 1 
251 277 276 1 
251 252 277 1 
252 278 277 1 
252 253 278 1 
253 279 278 1 
253 254 279 1 
254 280 279 1 
254 255 280 1 
255 281 280 1 
255 256 281 1 
256 282 281 1 
256 257 282 1 
257 283 282 1 
257 258 283 1 
258 284 283 1 
258 259 284 1 
259 285 284 1 
259 260 285 1 
260 286 285 1 
261 262 287 1 
262 288 287 1 
262 263 288 1 
263 289 288 1 
263 264 289 1 
264 290 289 1 
264 265 290 1 
265 291 290 1 
265 266 291 1 
266 292 291 1 
266 267 292 1 
267 293 292 1 
267 268 293 1 
268 294 293 1 
268 269 294 1 
269 295 294 1 
269 270 295 1 
270 296 295 1 
270 271 296 1 
271 297 296 1 
271 272 297 1 
272 298 297 1 
272 273 298 1 
273 299 298 1 
273 274 299 1 
274 300 299 1 
274 275 300 1 
275 301 300 1 
275 276 301 1 
276 302 301 1 
276 277 302 1 
277 303 302 1 
277 278 303 1 
278 304 303 1 
278 279 304 1 
279 305 304 1 
279 280 305 1 
280 306 305 1 
280 281 306 1 
281 307 306 1 
281 282 307 1 
282 308 307 1 
282 283 308 1 
283 309 308 1 
283 284 309 1 
284 310 309 1 
284 285 310 1 
285 311 310 1 
285 286 311 1 
286 312 311 1 
287 288 313 1 
288 314 313 1 
288 289 314 1 
289 315 314 1 
289 290 315 1 
290 316 315 1 
290 291 316 1 
291 317 316 1 
291 292 317 1 
292 318 317 1 
292 293 318 1 
293 319 318 1 
293 294 319 1 
294 320 319 1 
294 295 320 1 
295 321 320 1 
295 296 321 1 
296 322 321 1 
296 297 322 1 
297 323 322 1 
297 298 323 1 
298 324 323 1 
298 299 324 1 
299 325 324 1 
299 300 325 1 
300 326 325 1 
300 301 326 1 
301 327 326 1 
301 302 327 1 
302 328 327 1 
302 303 328 1 
303 329 328 1 
303 304 329 1 
304 330 329 1 
304 305 330 1 
305 331 330 1 
305 306 331 1 
306 332 331 1 
306 307 332 1 
307 333 332 1 
307 308 333 1 
308 334 333 1 
308 309 334 1 
309 335 334 1 
309 310 335 1 
310 336 335 1 
310 311 336 1 
311 337 336 1 
311 312 337 1 
312 338 337 1 
313 314 339 1 
314 340 339 1 
314 315 340 1 
315 341 340 1 
315 316 341 1 
316 342 341 1 
316 317 342 1 
317 343 342 1 
317 318 343 1 
318 344 343 1 
318 319 344 1 
319 345 344 1 
319 320 345 1 
320 346 345 1 
320 321 346 1 
321 347 346 1 
321 322 347 1 
322 348 347 1 
322 323 348 1 
323 349 348 1 
323 324 349 1 
324 350 349 1 
324 325 350 1 
325 351 350 1 
325 326 351 1 
326 352 351 1 
326 327 352 1 
327 353 352 1 
327 328 353 1 
328 354 353 1 
328 329 354 1 
329 355 354 1 
329 330 355 1 
330 356 355 1 
330 331 356 1 
331 357 356 1 
331 332 357 1 
332 358 357 1 
332 333 358 1 
333 359 358 1 
333 334 359 1 
334 360 359 1 
334 335 360 1 
335 361 360 1 
335 336 361 1 
336 362 361 1 
336 337 362 1 
337 363 362 1 
337 338 363 1 
338 364 363 1 
339 340 365 1 
340 366 365 1 
340 341 366 1 
341 367 366 1 
341 342 367 1 
342 368 367 1 
342 343 368 1 
343 369 368 1 
343 344 369 1 
344 370 369 1 
344 345 370 1 
345 371 370 1 
345 346 371 1 
346 372 371 1 
346 347 372 1 
347 373 372 1 
347 348 373 1 
348 374 373 1 
348 349 374 1 
349 375 374 1 
349 350 375 1 
350 376 375 1 
350 351 376 1 
351 377 376 1 
351 352 377 1 
352 378 377 1 
352 353 378 1 
353 379 378 1 
353 354 379 1 
354 380 379 1 
354 355 380 1 
355 381 380 1 
355 356 381 1 
356 382 381 1 
356 357 382 1 
357 383 382 1 
357 358 383 1 
358 384 383 1 
358 359 384 1 
359 385 384 1 
359 360 385 1 
360 386 385 1 
360 361 386 1 
361 387 386 1 
361 362 387 1 
362 388 387 1 
362 363 388 1 
363 389 388 1 
363 364 389 1 
364 390 389 1 
365 366 391 1 
366 392 391 1 
366 367 392 1 
367 393 392 1 
367 368 393 1 
368 394 393 1 
368 369 394 1 
369 395 394 1 
369 370 395 1 
370 396 395 1 
370 371 396 1 
371 397 396 1 
371 372 397 1 
372 398 397 1 
372 373 398 1 
373 399 398 1 
373 374 399 1 
374 400 399 1 
374 375 400 1 
375 401 400 1 
375 376 401 1 
376 402 401 1 
376 377 402 1 
377 403 402 1 
377 378 403 1 
378 404 403 1 
378 379 404 1 
379 405 404 1 
379 380 405 1 
380 406 405 1 
380 381 406 1 
381 407 406 1 
381 382 407 1 
382 408 407 1 
382 383 408 1 
383 409 408 1 
383 384 409 1 
384 410 409 1 
384 385 410 1 
385 411 410 1 
385 386 411 1 
386 412 411 1 
386 387 412 1 
387 413 412 1 
387 388 413 1 
388 414 413 1 
388 389 414 1 
389 415 414 1 
389 390 415 1 
390 416 415 1 
391 392 417 1 
392 418 417 1 
392 393 418 1 
393 419 418 1 
393 394 419 1 
394 420 419 1 
394 395 420 1 
395 421 420 1 
395 396 421 1 
396 422 421 1 
396 397 422 1 
397 423 422 1 
397 398 423 1 
398 424 423 1 
398 399 424 1 
399 425 424 1 
399 400 425 1 
400 426 425 1 
400 401 426 1 
401 427 426 1 
401 402 427 1 
402 428 427 1 
402 403 428 1 
403 429 428 1 
403 404 429 1 
404 430 429 1 
404 405 430 1 
405 431 430 1 
405 406 431 1 
406 432 431 1 
406 407 432 1 
407 433 432 1 
407 408 433 1 
408 434 433 1 
408 409 434 1 
409 435 434 1 
409 410 435 1 
410 436 435 1 
410 411 436 1 
411 437 436 1 
411 412 437 1 
412 438 437 1 
412 413 438 1 
413 439 438 1 
413 414 439 1 
414 440 439 1 
414 415 440 1 
415 441 440 1 
415 416 441 1 
416 442 441 1 
417 418 443 1 
418 444 443 1 
418 419 444 1 
419 445 444 1 
419 420 445 1 
420 446 445 1 
420 421 446 1 
421 447 446 1 
421 422 447 1 
422 448 447 1 
422 423 448 1 
423 449 448 1 
423 424 449 1 
424 450 449 1 
424 425 450 1 
425 451 450 1 
425 426 451 1 
426 452 451 1 
426 427 452 1 
427 453 452 1 
427 428 453 1 
428 454 453 1 
428 429 454 1 
429 455 454 1 
429 430 455 1 
430 456 455 1 
430 431 456 1 
431 457 456 1 
431 432 457 1 
432 458 457 1 
432 433 458 1 
433 459 458 1 
433 434 459 1 
434 460 459 1 
434 435 460 1 
435 461 460 1 
435 436 461 1 
436 462 461 1 
436 437 462 1 
437 463 462 1 
437 438 463 1 
438 464 463 1 
438 439 464 1 
439 465 464 1 
439 440 465 1 
440 466 465 1 
440 441 466 1 
441 467 466 1 
441 442 467 1 
442 468 467 1 
443 444 469 1 
444 470 469 1 
444 445 470 1 
445 471 470 1 
445 446 471 1 
446 472 471 1 
446 447 472 1 
447 473 472 1 
447 448 473 1 
448 474 473 1 
448 449 474 1 
449 475 474 1 
449 450 475 1 
450 476 475 1 
450 451 476 1 
451 477 476 1 
451 452 477 1 
452 478 477 1 
452 453 478 1 
453 479 478 1 
453 454 479 1 
454 480 479 1 
454 455 480 1 
455 481 480 1 
455 456 481 1 
456 482 481 1 
456 457 482 1 
457 483 482 1 
457 458 483 1 
458 484 483 1 
458 459 484 1 
459 485 484 1 
459 460 485 1 
460 486 485 1 
460 461 486 1 
461 487 486 1 
461 462 487 1 
462 488 487 1 
462 463 488 1 
463 489 488 1 
463 464 489 1 
464 490 489 1 
464 465 490 1 
465 491 490 1 
465 466 491 1 
466 492 491 1 
466 467 492 1 
467 493 492 1 
467 468 493 1 
468 494 493 1 
469 470 495 1 
470 496 495 1 
470 471 496 1 
471 497 496 1 
471 472 497 1 
472 498 497 1 
472 473 498 1 
473 499 498 1 
473 474 499 1 
474 500 499 1 
474 475 500 1 
475 501 500 1 
475 476 501 1 
476 502 501 1 
476 477 502 1 
477 503 502 1 
477 478 503 1 
478 504 503 1 
478 479 504 1 
479 505 504 1 
479 480 505 1 
480 506 505 1 
480 481 506 1 
481 507 506 1 
481 482 507 1 
482 508 507 1 
482 483 508 1 
483 509 508 1 
483 484 509 1 
484 510 509 1 
484 485 510 1 
485 511 510 1 
485 486 511 1 
486 512 511 1 
486 487 512 1 
487 513 512 1 
487 488 513 1 
488 514 513 1 
488 489 514 1 
489 515 514 1 
489 490 515 1 
490 516 515 1 
490 491 516 1 
491 517 516 1 
491 492 517 1 
492 518 517 1 
492 493 518 1 
493 519 518 1 
493 494 519 1 
494 520 519 1 
495 496 521 1 
496 522 521 1 
496 497 522 1 
497 523 522 1 
497 498 523 1 
498 524 523 1 
498 499 524 1 
499 525 524 1 
499 500 525 1 
500 526 525 1 
500 501 526 1 
501 527 526 1 
501 502 527 1 
502 528 527 1 
502 503 528 1 
503 529 528 1 
503 504 529 1 
504 530 529 1 
504 505 530 1 
505 531 530 1 
505 506 531 1 
506 532 531 1 
506 507 532 1 
507 533 532 1 
507 508 533 1 
508 534 533 1 
508 509 534 1 
509 535 534 1 
509 510 535 1 
510 536 535 1 
510 511 536 1 
511 537 536 1 
511 512 537 1 
512 538 537 1 
512 513 538 1 
513 539 538 1 
513 514 539 1 
514 540 539 1 
514 515 540 1 
515 541 540 1 
515 516 541 1 
516 542 541 1 
516 517 542 1 
517 543 542 1 
517 518 543 1 
518 544 543 1 
518 519 544 1 
519 545 544 1 
519 520 545 1 
520 546 545 1 
521 522 547 1 
522 548 547 1 
522 523 548 1 
523 549 548 1 
523 524 549 1 
524 550 549 1 
524 525 550 1 
525 551 550 1 
525 526 551 1 
526 552 551 1 
526 527 552 1 
527 553 552 1 
527 528 553 1 
528 554 553 1 
528 529 554 1 
529 555 554 1 
529 530 555 1 
530 556 555 1 
530 531 556 1 
531 557 556 1 
531 532 557 1 
532 558 557 1 
532 533 558 1 
533 559 558 1 
533 534 559 1 
534 560 559 1 
534 535 560 1 
535 561 560 1 
535 536 561 1 
536 562 561 1 
536 537 562 1 
537 563 562 1 
537 538 563 1 
538 564 563 1 
538 539 564 1 
539 565 564 1 
539 540 565 1 
540 566 565 1 
540 541 566 1 
541 567 566 1 
541 542 567 1 
542 568 567 1 
542 543 568 1 
543 569 568 1 
543 544 569 1 
544 570 569 1 
544 545 570 1 
545 571 570 1 
545 546 571 1 
546 572 571 1 
547 548 573 1 
548 574 573 1 
548 549 574 1 
549 575 574 1 
549 550 575 1 
550 576 575 1 
550 551 576 1 
551 577 576 1 
551 552 577 1 
552 578 577 1 
552 553 578 1 
553 579 578 1 
553 554 579 1 
554 580 579 1 
554 555 580 1 
555 581 580 1 
555 556 581 1 
556 582 581 1 
556 557 582 1 
557 583 582 1 
557 558 583 1 
558 584 583 1 
558 559 584 1 
559 585 584 1 
559 560 585 1 
560 586 585 1 
560 561 586 1 
561 587 586 1 
561 562 587 1 
562 588 587 1 
562 563 588 1 
563 589 588 1 
563 564 589 1 
564 590 589 1 
564 565 590 1 
565 591 590 1 
565 566 591 1 
566 592 591 1 
566 567 592 1 
567 593 592 1 
567 568 593 1 
568 594 593 1 
568 569 594 1 
569 595 594 1 
569 570 595 1 
570 596 595 1 
570 571 596 1 
571 597 596 1 
571 572 597 1 
572 598 597 1 
573 574 599 1 
574 600 599 1 
574 575 600 1 
575 601 600 1 
575 576 601 1 
576 602 601 1 
576 577 602 1 
577 603 602 1 
577 578 603 1 
578 604 603 1 
578 579 604 1 
579 605 604 1 
579 580 605 1 
580 606 605 1 
580 581 606 1 
581 607 606 1 
581 582 607 1 
582 608 607 1 
582 583 608 1 
583 609 608 1 
583 584 609 1 
584 610 609 1 
584 585 610 1 
585 611 610 1 
585 586 611 1 
586 612 611 1 
586 587 612 1 
587 613 612 1 
587 588 613 1 
588 614 613 1 
588 589 614 1 
589 615 614 1 
589 590 615 1 
590 616 615 1 
590 591 616 1 
591 617 616 1 
591 592 617 1 
592 618 617 1 
592 593 618 1 
593 619 618 1 
593 594 619 1 
594 620 619 1 
594 595 620 1 
595 621 620 1 
595 596 621 1 
596 622 621 1 
596 597 622 1 
597 623 622 1 
597 598 623 1 
598 624 623 1 
599 600 625 1 
600 626 625 1 
600 601 626 1 
601 627 626 1 
601 602 627 1 
602 628 627 1 
602 603 628 1 
603 629 628 1 
603 604 629 1 
604 630 629 1 
604 605 630 1 
605 631 630 1 
605 606 631 1 
606 632 631 1 
606 607 632 1 
607 633 632 1 
607 608 633 1 
608 634 633 1 
608 609 634 1 
609 635 634 1 
609 610 635 1 
610 636 635 1 
610 611 636 1 
611 637 636 1 
611 612 637 1 
612 638 637 1 
612 613 638 1 
613 639 638 1 
613 614 639 1 
614 640 639 1 
614 615 640 1 
615 641 640 1 
615 616 641 1 
616 642 641 1 
616 617 642 1 
617 643 642 1 
617 618 643 1 
618 644 643 1 
618 619 644 1 
619 645 644 1 
619 620 645 1 
620 646 645 1 
620 621 646 1 
621 647 646 1 
621 622 647 1 
622 648 647 1 
622 623 648 1 
623 649 648 1 
623 624 649 1 
624 650 649 1 
625 626 651 1 
626 652 651 1 
626 627 652 1 
627 653 652 1 
627 628 653 1 
628 654 653 1 
628 629 654 1 
629 655 654 1 
629 630 655 1 
630 656 655 1 
630 631 656 1 
631 657 656 1 
631 632 657 1 
632 658 657 1 
632 633 658 1 
633 659 658 1 
633 634 659 1 
634 660 659 1 
634 635 660 1 
635 661 660 1 
635 636 661 1 
636 662 661 1 
636 637 662 1 
637 663 662 1 
637 638 663 1 
638 664 663 1 
638 639 664 1 
639 665 664 1 
639 640 665 1 
640 666 665 1 
640 641 666 1 
641 667 666 1 
641 642 667 1 
642 668 667 1 
642 643 668 1 
643 669 668 1 
643 644 669 1 
644 670 669 1 
644 645 670 1 
645 671 670 1 
645 646 671 1 
646 672 671 1 
646 647 672 1 
647 673 672 1 
647 648 673 1 
648 674 673 1 
648 649 674 1 
649 675 674 1 
649 650 675 1 
650 676 675 1 