1 2 17 1 
2 18 17 1 
2 3 18 1 
3 19 18 1 
3 4 19 1 
4 20 19 1 
4 5 20 1 
5 21 20 1 
5 6 21 1 
6 22 21 1 
6 7 22 1 
7 23 22 1 
7 8 23 1 
8 24 23 1 
8 9 24 1 
9 25 24 1 
9 10 25 1 
10 26 25 1 
10 11 26 1 
11 27 26 1 
11 12 27 1 
12 28 27 1 
12 13 28 1 
13 29 28 1 
13 14 29 1 
14 30 29 1 
14 15 30 1 
15 31 30 1 
15 16 31 1 
16 32 31 1 
17 18 33 1 
18 34 33 1 
18 19 34 1 
19 35 34 1 
19 20 35 1 
20 36 35 1 
20 21 36 1 
21 37 36 1 
21 22 37 1 
22 38 37 1 
22 23 38 1 
23 39 38 1 
23 24 39 1 
24 40 39 1 
24 25 40 1 
25 41 40 1 
25 26 41 1 
26 42 41 1 
26 27 42 1 
27 43 42 1 
27 28 43 1 
28 44 43 1 
28 29 44 1 
29 45 44 1 
29 30 45 1 
30 46 45 1 
30 31 46 1 
31 47 46 1 
31 32 47 1 
32 48 47 1 
33 34 49 1 
34 50 49 1 
34 35 50 1 
35 51 50 1 
35 36 51 1 
36 52 51 1 
36 37 52 1 
37 53 52 1 
37 38 53 1 
38 54 53 1 
38 39 54 1 
39 55 54 1 
39 40 55 1 
40 56 55 1 
40 41 56 1 
41 57 56 1 
41 42 57 1 
42 58 57 1 
42 43 58 1 
43 59 58 1 
43 44 59 1 
44 60 59 1 
44 45 60 1 
45 61 60 1 
45 46 61 1 
46 62 61 1 
46 47 62 1 
47 63 62 1 
47 48 63 1 
48 64 63 1 
49 50 65 1 
50 66 65 1 
50 51 66 1 
51 67 66 1 
51 52 67 1 
52 68 67 1 
52 53 68 1 
53 69 68 1 
53 54 69 1 
54 70 69 1 
54 55 70 1 
55 71 70 1 
55 56 71 1 
56 72 71 1 
56 57 72 1 
57 73 72 1 
57 58 73 1 
58 74 73 1 
58 59 74 1 
59 75 74 1 
59 60 75 1 
60 76 75 1 
60 61 76 1 
61 77 76 1 
61 62 77 1 
62 78 77 1 
62 63 78 1 
63 79 78 1 
63 64 79 1 
64 80 79 1 
65 66 81 1 
66 82 81 1 
66 67 82 1 
67 83 82 1 
67 68 83 1 
68 84 83 1 
68 69 84 1 
69 85 84 1 
69 70 85 1 
70 86 85 1 
70 71 86 1 
71 87 86 1 
71 72 87 1 
72 88 87 1 
72 73 88 1 
73 89 88 1 
73 74 89 1 
74 90 89 1 
74 75 90 1 
75 91 90 1 
75 76 91 1 
76 92 91 1 
76 77 92 1 
77 93 92 1 
77 78 93 1 
78 94 93 1 
78 79 94 1 
79 95 94 1 
79 80 95 1 
80 96 95 1 
81 82 97 1 
82 98 97 1 
82 83 98 1 
83 99 98 1 
83 84 99 1 
84 100 99 1 
84 85 100 1 
85 101 100 1 
85 86 101 1 
86 102 101 1 
86 87 102 1 
87 103 102 1 
87 88 103 1 
88 104 103 1 
88 89 104 1 
89 105 104 1 
89 90 105 1 
90 106 105 1 
90 91 106 1 
91 107 106 1 
91 92 107 1 
92 108 107 1 
92 93 108 1 
93 109 108 1 
93 94 109 1 
94 110 109 1 
94 95 110 1 
95 111 110 1 
95 96 111 1 
96 112 111 1 
97 98 113 1 
98 114 113 1 
98 99 114 1 
99 115 114 1 
99 100 115 1 
100 116 115 1 
100 101 116 1 
101 117 116 1 
101 102 117 1 
102 118 117 1 
102 103 118 1 
103 119 118 1 
103 104 119 1 
104 120 119 1 
104 105 120 1 
105 121 120 1 
105 106 121 1 
106 122 121 1 
106 107 122 1 
107 123 122 1 
107 108 123 1 
108 124 123 1 
108 109 124 1 
109 125 124 1 
109 110 125 1 
110 126 125 1 
110 111 126 1 
111 127 126 1 
111 112 127 1 
112 128 127 1 
113 114 129 1 
114 130 129 1 
114 115 130 1 
115 131 130 1 
115 116 131 1 
116 132 131 1 
116 117 132 1 
117 133 132 1 
117 118 133 1 
118 134 133 1 
118 119 134 1 
119 135 134 1 
119 120 135 1 
120 136 135 1 
120 121 136 1 
121 137 136 1 
121 122 137 1 
122 138 137 1 
122 123 138 1 
123 139 138 1 
123 124 139 1 
124 140 139 1 
124 125 140 1 
125 141 140 1 
125 126 141 1 
126 142 141 1 
126 127 142 1 
127 143 142 1 
127 128 143 1 
128 144 143 1 
129 130 145 1 
130 146 145 1 
130 131 146 1 
131 147 146 1 
131 132 147 1 
132 148 147 1 
132 133 148 1 
133 149 148 1 
133 134 149 1 
134 150 149 1 
134 135 150 1 
135 151 150 1 
135 136 151 1 
136 152 151 1 
136 137 152 1 
137 153 152 1 
137 138 153 1 
138 154 153 1 
138 139 154 1 
139 155 154 1 
139 140 155 1 
140 156 155 1 
140 141 156 1 
141 157 156 1 
141 142 157 1 
142 158 157 1 
142 143 158 1 
143 159 158 1 
143 144 159 1 
144 160 159 1 
145 146 161 1 
146 162 161 1 
146 147 162 1 
147 163 162 1 
147 148 163 1 
148 164 163 1 
148 149 164 1 
149 165 164 1 
149 150 165 1 
150 166 165 1 
150 151 166 1 
151 167 166 1 
151 152 167 1 
152 168 167 1 
152 153 168 1 
153 169 168 1 
153 154 169 1 
154 170 169 1 
154 155 170 1 
155 171 170 1 
155 156 171 1 
156 172 171 1 
156 157 172 1 
157 173 172 1 
157 158 173 1 
158 174 173 1 
158 159 174 1 
159 175 174 1 
159 160 175 1 
160 176 175 1 
161 162 177 1 
162 178 177 1 
162 163 178 1 
163 179 178 1 
163 164 179 1 
164 180 179 1 
164 165 180 1 
165 181 180 1 
165 166 181 1 
166 182 181 1 
166 167 182 1 
167 183 182 1 
167 168 183 1 
168 184 183 1 
168 169 184 1 
169 185 184 1 
169 170 185 1 
170 186 185 1 
170 171 186 1 
171 187 186 1 
171 172 187 1 
172 188 187 1 
172 173 188 1 
173 189 188 1 
173 174 189 1 
174 190 189 1 
174 175 190 1 
175 191 190 1 
175 176 191 1 
176 192 191 1 
177 178 193 1 
178 194 193 1 
178 179 194 1 
179 195 194 1 
179 180 195 1 
180 196 195 1 
180 181 196 1 
181 197 196 1 
181 182 197 1 
182 198 197 1 
182 183 198 1 
183 199 198 1 
183 184 199 1 
184 200 199 1 
184 185 200 1 
185 201 200 1 
185 186 201 1 
186 202 201 1 
186 187 202 1 
187 203 202 1 
187 188 203 1 
188 204 203 1 
188 189 204 1 
189 205 204 1 
189 190 205 1 
190 206 205 1 
190 191 206 1 
191 207 206 1 
191 192 207 1 
192 208 207 1 
193 194 209 1 
194 210 209 1 
194 195 210 1 
195 211 210 1 
195 196 211 1 
196 212 211 1 
196 197 212 1 
197 213 212 1 
197 198 213 1 
198 214 213 1 
198 199 214 1 
199 215 214 1 
199 200 215 1 
200 216 215 1 
200 201 216 1 
201 217 216 1 
201 202 217 1 
202 218 217 1 
202 203 218 1 
203 219 218 1 
203 204 219 1 
204 220 219 1 
204 205 220 1 
205 221 220 1 
205 206 221 1 
206 222 221 1 
206 207 222 1 
207 223 222 1 
207 208 223 1 
208 224 223 1 
209 210 225 1 
210 226 225 1 
210 211 226 1 
211 227 226 1 
211 212 227 1 
212 228 227 1 
212 213 228 1 
213 229 228 1 
213 214 229 1 
214 230 229 1 
214 215 230 1 
215 231 230 1 
215 216 231 1 
216 232 231 1 
216 217 232 1 
217 233 232 1 
217 218 233 1 
218 234 233 1 
218 219 234 1 
219 235 234 1 
219 220 235 1 
220 236 235 1 
220 221 236 1 
221 237 236 1 
221 222 237 1 
222 238 237 1 
222 223 238 1 
223 239 238 1 
223 224 239 1 
224 240 239 1 
225 226 241 1 
226 242 241 1 
226 227 242 1 
227 243 242 1 
227 228 243 1 
228 244 243 1 
228 229 244 1 
229 245 244 1 
229 230 245 1 
230 246 245 1 
230 231 246 1 
231 247 246 1 
231 232 247 1 
232 248 247 1 
232 233 248 1 
233 249 248 1 
233 234 249 1 
234 250 249 1 
234 235 250 1 
235 251 250 1 
235 236 251 1 
236 252 251 1 
236 237 252 1 
237 253 252 1 
237 238 253 1 
238 254 253 1 
238 239 254 1 
239 255 254 1 
239 240 255 1 
240 256 255 1 