1 2 37 1 
2 38 37 1 
2 3 38 1 
3 39 38 1 
3 4 39 1 
4 40 39 1 
4 5 40 1 
5 41 40 1 
5 6 41 1 
6 42 41 1 
6 7 42 1 
7 43 42 1 
7 8 43 1 
8 44 43 1 
8 9 44 1 
9 45 44 1 
9 10 45 1 
10 46 45 1 
10 11 46 1 
11 47 46 1 
11 12 47 1 
12 48 47 1 
12 13 48 1 
13 49 48 1 
13 14 49 1 
14 50 49 1 
14 15 50 1 
15 51 50 1 
15 16 51 1 
16 52 51 1 
16 17 52 1 
17 53 52 1 
17 18 53 1 
18 54 53 1 
18 19 54 1 
19 55 54 1 
19 20 55 1 
20 56 55 1 
20 21 56 1 
21 57 56 1 
21 22 57 1 
22 58 57 1 
22 23 58 1 
23 59 58 1 
23 24 59 1 
24 60 59 1 
24 25 60 1 
25 61 60 1 
25 26 61 1 
26 62 61 1 
26 27 62 1 
27 63 62 1 
27 28 63 1 
28 64 63 1 
28 29 64 1 
29 65 64 1 
29 30 65 1 
30 66 65 1 
30 31 66 1 
31 67 66 1 
31 32 67 1 
32 68 67 1 
32 33 68 1 
33 69 68 1 
33 34 69 1 
34 70 69 1 
34 35 70 1 
35 71 70 1 
35 36 71 1 
36 72 71 1 
37 38 73 1 
38 74 73 1 
38 39 74 1 
39 75 74 1 
39 40 75 1 
40 76 75 1 
40 41 76 1 
41 77 76 1 
41 42 77 1 
42 78 77 1 
42 43 78 1 
43 79 78 1 
43 44 79 1 
44 80 79 1 
44 45 80 1 
45 81 80 1 
45 46 81 1 
46 82 81 1 
46 47 82 1 
47 83 82 1 
47 48 83 1 
48 84 83 1 
48 49 84 1 
49 85 84 1 
49 50 85 1 
50 86 85 1 
50 51 86 1 
51 87 86 1 
51 52 87 1 
52 88 87 1 
52 53 88 1 
53 89 88 1 
53 54 89 1 
54 90 89 1 
54 55 90 1 
55 91 90 1 
55 56 91 1 
56 92 91 1 
56 57 92 1 
57 93 92 1 
57 58 93 1 
58 94 93 1 
58 59 94 1 
59 95 94 1 
59 60 95 1 
60 96 95 1 
60 61 96 1 
61 97 96 1 
61 62 97 1 
62 98 97 1 
62 63 98 1 
63 99 98 1 
63 64 99 1 
64 100 99 1 
64 65 100 1 
65 101 100 1 
65 66 101 1 
66 102 101 1 
66 67 102 1 
67 103 102 1 
67 68 103 1 
68 104 103 1 
68 69 104 1 
69 105 104 1 
69 70 105 1 
70 106 105 1 
70 71 106 1 
71 107 106 1 
71 72 107 1 
72 108 107 1 
73 74 109 1 
74 110 109 1 
74 75 110 1 
75 111 110 1 
75 76 111 1 
76 112 111 1 
76 77 112 1 
77 113 112 1 
77 78 113 1 
78 114 113 1 
78 79 114 1 
79 115 114 1 
79 80 115 1 
80 116 115 1 
80 81 116 1 
81 117 116 1 
81 82 117 1 
82 118 117 1 
82 83 118 1 
83 119 118 1 
83 84 119 1 
84 120 119 1 
84 85 120 1 
85 121 120 1 
85 86 121 1 
86 122 121 1 
86 87 122 1 
87 123 122 1 
87 88 123 1 
88 124 123 1 
88 89 124 1 
89 125 124 1 
89 90 125 1 
90 126 125 1 
90 91 126 1 
91 127 126 1 
91 92 127 1 
92 128 127 1 
92 93 128 1 
93 129 128 1 
93 94 129 1 
94 130 129 1 
94 95 130 1 
95 131 130 1 
95 96 131 1 
96 132 131 1 
96 97 132 1 
97 133 132 1 
97 98 133 1 
98 134 133 1 
98 99 134 1 
99 135 134 1 
99 100 135 1 
100 136 135 1 
100 101 136 1 
101 137 136 1 
101 102 137 1 
102 138 137 1 
102 103 138 1 
103 139 138 1 
103 104 139 1 
104 140 139 1 
104 105 140 1 
105 141 140 1 
105 106 141 1 
106 142 141 1 
106 107 142 1 
107 143 142 1 
107 108 143 1 
108 144 143 1 
109 110 145 1 
110 146 145 1 
110 111 146 1 
111 147 146 1 
111 112 147 1 
112 148 147 1 
112 113 148 1 
113 149 148 1 
113 114 149 1 
114 150 149 1 
114 115 150 1 
115 151 150 1 
115 116 151 1 
116 152 151 1 
116 117 152 1 
117 153 152 1 
117 118 153 1 
118 154 153 1 
118 119 154 1 
119 155 154 1 
119 120 155 1 
120 156 155 1 
120 121 156 1 
121 157 156 1 
121 122 157 1 
122 158 157 1 
122 123 158 1 
123 159 158 1 
123 124 159 1 
124 160 159 1 
124 125 160 1 
125 161 160 1 
125 126 161 1 
126 162 161 1 
126 127 162 1 
127 163 162 1 
127 128 163 1 
128 164 163 1 
128 129 164 1 
129 165 164 1 
129 130 165 1 
130 166 165 1 
130 131 166 1 
131 167 166 1 
131 132 167 1 
132 168 167 1 
132 133 168 1 
133 169 168 1 
133 134 169 1 
134 170 169 1 
134 135 170 1 
135 171 170 1 
135 136 171 1 
136 172 171 1 
136 137 172 1 
137 173 172 1 
137 138 173 1 
138 174 173 1 
138 139 174 1 
139 175 174 1 
139 140 175 1 
140 176 175 1 
140 141 176 1 
141 177 176 1 
141 142 177 1 
142 178 177 1 
142 143 178 1 
143 179 178 1 
143 144 179 1 
144 180 179 1 
145 146 181 1 
146 182 181 1 
146 147 182 1 
147 183 182 1 
147 148 183 1 
148 184 183 1 
148 149 184 1 
149 185 184 1 
149 150 185 1 
150 186 185 1 
150 151 186 1 
151 187 186 1 
151 152 187 1 
152 188 187 1 
152 153 188 1 
153 189 188 1 
153 154 189 1 
154 190 189 1 
154 155 190 1 
155 191 190 1 
155 156 191 1 
156 192 191 1 
156 157 192 1 
157 193 192 1 
157 158 193 1 
158 194 193 1 
158 159 194 1 
159 195 194 1 
159 160 195 1 
160 196 195 1 
160 161 196 1 
161 197 196 1 
161 162 197 1 
162 198 197 1 
162 163 198 1 
163 199 198 1 
163 164 199 1 
164 200 199 1 
164 165 200 1 
165 201 200 1 
165 166 201 1 
166 202 201 1 
166 167 202 1 
167 203 202 1 
167 168 203 1 
168 204 203 1 
168 169 204 1 
169 205 204 1 
169 170 205 1 
170 206 205 1 
170 171 206 1 
171 207 206 1 
171 172 207 1 
172 208 207 1 
172 173 208 1 
173 209 208 1 
173 174 209 1 
174 210 209 1 
174 175 210 1 
175 211 210 1 
175 176 211 1 
176 212 211 1 
176 177 212 1 
177 213 212 1 
177 178 213 1 
178 214 213 1 
178 179 214 1 
179 215 214 1 
179 180 215 1 
180 216 215 1 
181 182 217 1 
182 218 217 1 
182 183 218 1 
183 219 218 1 
183 184 219 1 
184 220 219 1 
184 185 220 1 
185 221 220 1 
185 186 221 1 
186 222 221 1 
186 187 222 1 
187 223 222 1 
187 188 223 1 
188 224 223 1 
188 189 224 1 
189 225 224 1 
189 190 225 1 
190 226 225 1 
190 191 226 1 
191 227 226 1 
191 192 227 1 
192 228 227 1 
192 193 228 1 
193 229 228 1 
193 194 229 1 
194 230 229 1 
194 195 230 1 
195 231 230 1 
195 196 231 1 
196 232 231 1 
196 197 232 1 
197 233 232 1 
197 198 233 1 
198 234 233 1 
198 199 234 1 
199 235 234 1 
199 200 235 1 
200 236 235 1 
200 201 236 1 
201 237 236 1 
201 202 237 1 
202 238 237 1 
202 203 238 1 
203 239 238 1 
203 204 239 1 
204 240 239 1 
204 205 240 1 
205 241 240 1 
205 206 241 1 
206 242 241 1 
206 207 242 1 
207 243 242 1 
207 208 243 1 
208 244 243 1 
208 209 244 1 
209 245 244 1 
209 210 245 1 
210 246 245 1 
210 211 246 1 
211 247 246 1 
211 212 247 1 
212 248 247 1 
212 213 248 1 
213 249 248 1 
213 214 249 1 
214 250 249 1 
214 215 250 1 
215 251 250 1 
215 216 251 1 
216 252 251 1 
217 218 253 1 
218 254 253 1 
218 219 254 1 
219 255 254 1 
219 220 255 1 
220 256 255 1 
220 221 256 1 
221 257 256 1 
221 222 257 1 
222 258 257 1 
222 223 258 1 
223 259 258 1 
223 224 259 1 
224 260 259 1 
224 225 260 1 
225 261 260 1 
225 226 261 1 
226 262 261 1 
226 227 262 1 
227 263 262 1 
227 228 263 1 
228 264 263 1 
228 229 264 1 
229 265 264 1 
229 230 265 1 
230 266 265 1 
230 231 266 1 
231 267 266 1 
231 232 267 1 
232 268 267 1 
232 233 268 1 
233 269 268 1 
233 234 269 1 
234 270 269 1 
234 235 270 1 
235 271 270 1 
235 236 271 1 
236 272 271 1 
236 237 272 1 
237 273 272 1 
237 238 273 1 
238 274 273 1 
238 239 274 1 
239 275 274 1 
239 240 275 1 
240 276 275 1 
240 241 276 1 
241 277 276 1 
241 242 277 1 
242 278 277 1 
242 243 278 1 
243 279 278 1 
243 244 279 1 
244 280 279 1 
244 245 280 1 
245 281 280 1 
245 246 281 1 
246 282 281 1 
246 247 282 1 
247 283 282 1 
247 248 283 1 
248 284 283 1 
248 249 284 1 
249 285 284 1 
249 250 285 1 
250 286 285 1 
250 251 286 1 
251 287 286 1 
251 252 287 1 
252 288 287 1 
253 254 289 1 
254 290 289 1 
254 255 290 1 
255 291 290 1 
255 256 291 1 
256 292 291 1 
256 257 292 1 
257 293 292 1 
257 258 293 1 
258 294 293 1 
258 259 294 1 
259 295 294 1 
259 260 295 1 
260 296 295 1 
260 261 296 1 
261 297 296 1 
261 262 297 1 
262 298 297 1 
262 263 298 1 
263 299 298 1 
263 264 299 1 
264 300 299 1 
264 265 300 1 
265 301 300 1 
265 266 301 1 
266 302 301 1 
266 267 302 1 
267 303 302 1 
267 268 303 1 
268 304 303 1 
268 269 304 1 
269 305 304 1 
269 270 305 1 
270 306 305 1 
270 271 306 1 
271 307 306 1 
271 272 307 1 
272 308 307 1 
272 273 308 1 
273 309 308 1 
273 274 309 1 
274 310 309 1 
274 275 310 1 
275 311 310 1 
275 276 311 1 
276 312 311 1 
276 277 312 1 
277 313 312 1 
277 278 313 1 
278 314 313 1 
278 279 314 1 
279 315 314 1 
279 280 315 1 
280 316 315 1 
280 281 316 1 
281 317 316 1 
281 282 317 1 
282 318 317 1 
282 283 318 1 
283 319 318 1 
283 284 319 1 
284 320 319 1 
284 285 320 1 
285 321 320 1 
285 286 321 1 
286 322 321 1 
286 287 322 1 
287 323 322 1 
287 288 323 1 
288 324 323 1 
289 290 325 1 
290 326 325 1 
290 291 326 1 
291 327 326 1 
291 292 327 1 
292 328 327 1 
292 293 328 1 
293 329 328 1 
293 294 329 1 
294 330 329 1 
294 295 330 1 
295 331 330 1 
295 296 331 1 
296 332 331 1 
296 297 332 1 
297 333 332 1 
297 298 333 1 
298 334 333 1 
298 299 334 1 
299 335 334 1 
299 300 335 1 
300 336 335 1 
300 301 336 1 
301 337 336 1 
301 302 337 1 
302 338 337 1 
302 303 338 1 
303 339 338 1 
303 304 339 1 
304 340 339 1 
304 305 340 1 
305 341 340 1 
305 306 341 1 
306 342 341 1 
306 307 342 1 
307 343 342 1 
307 308 343 1 
308 344 343 1 
308 309 344 1 
309 345 344 1 
309 310 345 1 
310 346 345 1 
310 311 346 1 
311 347 346 1 
311 312 347 1 
312 348 347 1 
312 313 348 1 
313 349 348 1 
313 314 349 1 
314 350 349 1 
314 315 350 1 
315 351 350 1 
315 316 351 1 
316 352 351 1 
316 317 352 1 
317 353 352 1 
317 318 353 1 
318 354 353 1 
318 319 354 1 
319 355 354 1 
319 320 355 1 
320 356 355 1 
320 321 356 1 
321 357 356 1 
321 322 357 1 
322 358 357 1 
322 323 358 1 
323 359 358 1 
323 324 359 1 
324 360 359 1 
325 326 361 1 
326 362 361 1 
326 327 362 1 
327 363 362 1 
327 328 363 1 
328 364 363 1 
328 329 364 1 
329 365 364 1 
329 330 365 1 
330 366 365 1 
330 331 366 1 
331 367 366 1 
331 332 367 1 
332 368 367 1 
332 333 368 1 
333 369 368 1 
333 334 369 1 
334 370 369 1 
334 335 370 1 
335 371 370 1 
335 336 371 1 
336 372 371 1 
336 337 372 1 
337 373 372 1 
337 338 373 1 
338 374 373 1 
338 339 374 1 
339 375 374 1 
339 340 375 1 
340 376 375 1 
340 341 376 1 
341 377 376 1 
341 342 377 1 
342 378 377 1 
342 343 378 1 
343 379 378 1 
343 344 379 1 
344 380 379 1 
344 345 380 1 
345 381 380 1 
345 346 381 1 
346 382 381 1 
346 347 382 1 
347 383 382 1 
347 348 383 1 
348 384 383 1 
348 349 384 1 
349 385 384 1 
349 350 385 1 
350 386 385 1 
350 351 386 1 
351 387 386 1 
351 352 387 1 
352 388 387 1 
352 353 388 1 
353 389 388 1 
353 354 389 1 
354 390 389 1 
354 355 390 1 
355 391 390 1 
355 356 391 1 
356 392 391 1 
356 357 392 1 
357 393 392 1 
357 358 393 1 
358 394 393 1 
358 359 394 1 
359 395 394 1 
359 360 395 1 
360 396 395 1 
361 362 397 1 
362 398 397 1 
362 363 398 1 
363 399 398 1 
363 364 399 1 
364 400 399 1 
364 365 400 1 
365 401 400 1 
365 366 401 1 
366 402 401 1 
366 367 402 1 
367 403 402 1 
367 368 403 1 
368 404 403 1 
368 369 404 1 
369 405 404 1 
369 370 405 1 
370 406 405 1 
370 371 406 1 
371 407 406 1 
371 372 407 1 
372 408 407 1 
372 373 408 1 
373 409 408 1 
373 374 409 1 
374 410 409 1 
374 375 410 1 
375 411 410 1 
375 376 411 1 
376 412 411 1 
376 377 412 1 
377 413 412 1 
377 378 413 1 
378 414 413 1 
378 379 414 1 
379 415 414 1 
379 380 415 1 
380 416 415 1 
380 381 416 1 
381 417 416 1 
381 382 417 1 
382 418 417 1 
382 383 418 1 
383 419 418 1 
383 384 419 1 
384 420 419 1 
384 385 420 1 
385 421 420 1 
385 386 421 1 
386 422 421 1 
386 387 422 1 
387 423 422 1 
387 388 423 1 
388 424 423 1 
388 389 424 1 
389 425 424 1 
389 390 425 1 
390 426 425 1 
390 391 426 1 
391 427 426 1 
391 392 427 1 
392 428 427 1 
392 393 428 1 
393 429 428 1 
393 394 429 1 
394 430 429 1 
394 395 430 1 
395 431 430 1 
395 396 431 1 
396 432 431 1 
397 398 433 1 
398 434 433 1 
398 399 434 1 
399 435 434 1 
399 400 435 1 
400 436 435 1 
400 401 436 1 
401 437 436 1 
401 402 437 1 
402 438 437 1 
402 403 438 1 
403 439 438 1 
403 404 439 1 
404 440 439 1 
404 405 440 1 
405 441 440 1 
405 406 441 1 
406 442 441 1 
406 407 442 1 
407 443 442 1 
407 408 443 1 
408 444 443 1 
408 409 444 1 
409 445 444 1 
409 410 445 1 
410 446 445 1 
410 411 446 1 
411 447 446 1 
411 412 447 1 
412 448 447 1 
412 413 448 1 
413 449 448 1 
413 414 449 1 
414 450 449 1 
414 415 450 1 
415 451 450 1 
415 416 451 1 
416 452 451 1 
416 417 452 1 
417 453 452 1 
417 418 453 1 
418 454 453 1 
418 419 454 1 
419 455 454 1 
419 420 455 1 
420 456 455 1 
420 421 456 1 
421 457 456 1 
421 422 457 1 
422 458 457 1 
422 423 458 1 
423 459 458 1 
423 424 459 1 
424 460 459 1 
424 425 460 1 
425 461 460 1 
425 426 461 1 
426 462 461 1 
426 427 462 1 
427 463 462 1 
427 428 463 1 
428 464 463 1 
428 429 464 1 
429 465 464 1 
429 430 465 1 
430 466 465 1 
430 431 466 1 
431 467 466 1 
431 432 467 1 
432 468 467 1 
433 434 469 1 
434 470 469 1 
434 435 470 1 
435 471 470 1 
435 436 471 1 
436 472 471 1 
436 437 472 1 
437 473 472 1 
437 438 473 1 
438 474 473 1 
438 439 474 1 
439 475 474 1 
439 440 475 1 
440 476 475 1 
440 441 476 1 
441 477 476 1 
441 442 477 1 
442 478 477 1 
442 443 478 1 
443 479 478 1 
443 444 479 1 
444 480 479 1 
444 445 480 1 
445 481 480 1 
445 446 481 1 
446 482 481 1 
446 447 482 1 
447 483 482 1 
447 448 483 1 
448 484 483 1 
448 449 484 1 
449 485 484 1 
449 450 485 1 
450 486 485 1 
450 451 486 1 
451 487 486 1 
451 452 487 1 
452 488 487 1 
452 453 488 1 
453 489 488 1 
453 454 489 1 
454 490 489 1 
454 455 490 1 
455 491 490 1 
455 456 491 1 
456 492 491 1 
456 457 492 1 
457 493 492 1 
457 458 493 1 
458 494 493 1 
458 459 494 1 
459 495 494 1 
459 460 495 1 
460 496 495 1 
460 461 496 1 
461 497 496 1 
461 462 497 1 
462 498 497 1 
462 463 498 1 
463 499 498 1 
463 464 499 1 
464 500 499 1 
464 465 500 1 
465 501 500 1 
465 466 501 1 
466 502 501 1 
466 467 502 1 
467 503 502 1 
467 468 503 1 
468 504 503 1 
469 470 505 1 
470 506 505 1 
470 471 506 1 
471 507 506 1 
471 472 507 1 
472 508 507 1 
472 473 508 1 
473 509 508 1 
473 474 509 1 
474 510 509 1 
474 475 510 1 
475 511 510 1 
475 476 511 1 
476 512 511 1 
476 477 512 1 
477 513 512 1 
477 478 513 1 
478 514 513 1 
478 479 514 1 
479 515 514 1 
479 480 515 1 
480 516 515 1 
480 481 516 1 
481 517 516 1 
481 482 517 1 
482 518 517 1 
482 483 518 1 
483 519 518 1 
483 484 519 1 
484 520 519 1 
484 485 520 1 
485 521 520 1 
485 486 521 1 
486 522 521 1 
486 487 522 1 
487 523 522 1 
487 488 523 1 
488 524 523 1 
488 489 524 1 
489 525 524 1 
489 490 525 1 
490 526 525 1 
490 491 526 1 
491 527 526 1 
491 492 527 1 
492 528 527 1 
492 493 528 1 
493 529 528 1 
493 494 529 1 
494 530 529 1 
494 495 530 1 
495 531 530 1 
495 496 531 1 
496 532 531 1 
496 497 532 1 
497 533 532 1 
497 498 533 1 
498 534 533 1 
498 499 534 1 
499 535 534 1 
499 500 535 1 
500 536 535 1 
500 501 536 1 
501 537 536 1 
501 502 537 1 
502 538 537 1 
502 503 538 1 
503 539 538 1 
503 504 539 1 
504 540 539 1 
505 506 541 1 
506 542 541 1 
506 507 542 1 
507 543 542 1 
507 508 543 1 
508 544 543 1 
508 509 544 1 
509 545 544 1 
509 510 545 1 
510 546 545 1 
510 511 546 1 
511 547 546 1 
511 512 547 1 
512 548 547 1 
512 513 548 1 
513 549 548 1 
513 514 549 1 
514 550 549 1 
514 515 550 1 
515 551 550 1 
515 516 551 1 
516 552 551 1 
516 517 552 1 
517 553 552 1 
517 518 553 1 
518 554 553 1 
518 519 554 1 
519 555 554 1 
519 520 555 1 
520 556 555 1 
520 521 556 1 
521 557 556 1 
521 522 557 1 
522 558 557 1 
522 523 558 1 
523 559 558 1 
523 524 559 1 
524 560 559 1 
524 525 560 1 
525 561 560 1 
525 526 561 1 
526 562 561 1 
526 527 562 1 
527 563 562 1 
527 528 563 1 
528 564 563 1 
528 529 564 1 
529 565 564 1 
529 530 565 1 
530 566 565 1 
530 531 566 1 
531 567 566 1 
531 532 567 1 
532 568 567 1 
532 533 568 1 
533 569 568 1 
533 534 569 1 
534 570 569 1 
534 535 570 1 
535 571 570 1 
535 536 571 1 
536 572 571 1 
536 537 572 1 
537 573 572 1 
537 538 573 1 
538 574 573 1 
538 539 574 1 
539 575 574 1 
539 540 575 1 
540 576 575 1 
541 542 577 1 
542 578 577 1 
542 543 578 1 
543 579 578 1 
543 544 579 1 
544 580 579 1 
544 545 580 1 
545 581 580 1 
545 546 581 1 
546 582 581 1 
546 547 582 1 
547 583 582 1 
547 548 583 1 
548 584 583 1 
548 549 584 1 
549 585 584 1 
549 550 585 1 
550 586 585 1 
550 551 586 1 
551 587 586 1 
551 552 587 1 
552 588 587 1 
552 553 588 1 
553 589 588 1 
553 554 589 1 
554 590 589 1 
554 555 590 1 
555 591 590 1 
555 556 591 1 
556 592 591 1 
556 557 592 1 
557 593 592 1 
557 558 593 1 
558 594 593 1 
558 559 594 1 
559 595 594 1 
559 560 595 1 
560 596 595 1 
560 561 596 1 
561 597 596 1 
561 562 597 1 
562 598 597 1 
562 563 598 1 
563 599 598 1 
563 564 599 1 
564 600 599 1 
564 565 600 1 
565 601 600 1 
565 566 601 1 
566 602 601 1 
566 567 602 1 
567 603 602 1 
567 568 603 1 
568 604 603 1 
568 569 604 1 
569 605 604 1 
569 570 605 1 
570 606 605 1 
570 571 606 1 
571 607 606 1 
571 572 607 1 
572 608 607 1 
572 573 608 1 
573 609 608 1 
573 574 609 1 
574 610 609 1 
574 575 610 1 
575 611 610 1 
575 576 611 1 
576 612 611 1 
577 578 613 1 
578 614 613 1 
578 579 614 1 
579 615 614 1 
579 580 615 1 
580 616 615 1 
580 581 616 1 
581 617 616 1 
581 582 617 1 
582 618 617 1 
582 583 618 1 
583 619 618 1 
583 584 619 1 
584 620 619 1 
584 585 620 1 
585 621 620 1 
585 586 621 1 
586 622 621 1 
586 587 622 1 
587 623 622 1 
587 588 623 1 
588 624 623 1 
588 589 624 1 
589 625 624 1 
589 590 625 1 
590 626 625 1 
590 591 626 1 
591 627 626 1 
591 592 627 1 
592 628 627 1 
592 593 628 1 
593 629 628 1 
593 594 629 1 
594 630 629 1 
594 595 630 1 
595 631 630 1 
595 596 631 1 
596 632 631 1 
596 597 632 1 
597 633 632 1 
597 598 633 1 
598 634 633 1 
598 599 634 1 
599 635 634 1 
599 600 635 1 
600 636 635 1 
600 601 636 1 
601 637 636 1 
601 602 637 1 
602 638 637 1 
602 603 638 1 
603 639 638 1 
603 604 639 1 
604 640 639 1 
604 605 640 1 
605 641 640 1 
605 606 641 1 
606 642 641 1 
606 607 642 1 
607 643 642 1 
607 608 643 1 
608 644 643 1 
608 609 644 1 
609 645 644 1 
609 610 645 1 
610 646 645 1 
610 611 646 1 
611 647 646 1 
611 612 647 1 
612 648 647 1 
613 614 649 1 
614 650 649 1 
614 615 650 1 
615 651 650 1 
615 616 651 1 
616 652 651 1 
616 617 652 1 
617 653 652 1 
617 618 653 1 
618 654 653 1 
618 619 654 1 
619 655 654 1 
619 620 655 1 
620 656 655 1 
620 621 656 1 
621 657 656 1 
621 622 657 1 
622 658 657 1 
622 623 658 1 
623 659 658 1 
623 624 659 1 
624 660 659 1 
624 625 660 1 
625 661 660 1 
625 626 661 1 
626 662 661 1 
626 627 662 1 
627 663 662 1 
627 628 663 1 
628 664 663 1 
628 629 664 1 
629 665 664 1 
629 630 665 1 
630 666 665 1 
630 631 666 1 
631 667 666 1 
631 632 667 1 
632 668 667 1 
632 633 668 1 
633 669 668 1 
633 634 669 1 
634 670 669 1 
634 635 670 1 
635 671 670 1 
635 636 671 1 
636 672 671 1 
636 637 672 1 
637 673 672 1 
637 638 673 1 
638 674 673 1 
638 639 674 1 
639 675 674 1 
639 640 675 1 
640 676 675 1 
640 641 676 1 
641 677 676 1 
641 642 677 1 
642 678 677 1 
642 643 678 1 
643 679 678 1 
643 644 679 1 
644 680 679 1 
644 645 680 1 
645 681 680 1 
645 646 681 1 
646 682 681 1 
646 647 682 1 
647 683 682 1 
647 648 683 1 
648 684 683 1 
649 650 685 1 
650 686 685 1 
650 651 686 1 
651 687 686 1 
651 652 687 1 
652 688 687 1 
652 653 688 1 
653 689 688 1 
653 654 689 1 
654 690 689 1 
654 655 690 1 
655 691 690 1 
655 656 691 1 
656 692 691 1 
656 657 692 1 
657 693 692 1 
657 658 693 1 
658 694 693 1 
658 659 694 1 
659 695 694 1 
659 660 695 1 
660 696 695 1 
660 661 696 1 
661 697 696 1 
661 662 697 1 
662 698 697 1 
662 663 698 1 
663 699 698 1 
663 664 699 1 
664 700 699 1 
664 665 700 1 
665 701 700 1 
665 666 701 1 
666 702 701 1 
666 667 702 1 
667 703 702 1 
667 668 703 1 
668 704 703 1 
668 669 704 1 
669 705 704 1 
669 670 705 1 
670 706 705 1 
670 671 706 1 
671 707 706 1 
671 672 707 1 
672 708 707 1 
672 673 708 1 
673 709 708 1 
673 674 709 1 
674 710 709 1 
674 675 710 1 
675 711 710 1 
675 676 711 1 
676 712 711 1 
676 677 712 1 
677 713 712 1 
677 678 713 1 
678 714 713 1 
678 679 714 1 
679 715 714 1 
679 680 715 1 
680 716 715 1 
680 681 716 1 
681 717 716 1 
681 682 717 1 
682 718 717 1 
682 683 718 1 
683 719 718 1 
683 684 719 1 
684 720 719 1 
685 686 721 1 
686 722 721 1 
686 687 722 1 
687 723 722 1 
687 688 723 1 
688 724 723 1 
688 689 724 1 
689 725 724 1 
689 690 725 1 
690 726 725 1 
690 691 726 1 
691 727 726 1 
691 692 727 1 
692 728 727 1 
692 693 728 1 
693 729 728 1 
693 694 729 1 
694 730 729 1 
694 695 730 1 
695 731 730 1 
695 696 731 1 
696 732 731 1 
696 697 732 1 
697 733 732 1 
697 698 733 1 
698 734 733 1 
698 699 734 1 
699 735 734 1 
699 700 735 1 
700 736 735 1 
700 701 736 1 
701 737 736 1 
701 702 737 1 
702 738 737 1 
702 703 738 1 
703 739 738 1 
703 704 739 1 
704 740 739 1 
704 705 740 1 
705 741 740 1 
705 706 741 1 
706 742 741 1 
706 707 742 1 
707 743 742 1 
707 708 743 1 
708 744 743 1 
708 709 744 1 
709 745 744 1 
709 710 745 1 
710 746 745 1 
710 711 746 1 
711 747 746 1 
711 712 747 1 
712 748 747 1 
712 713 748 1 
713 749 748 1 
713 714 749 1 
714 750 749 1 
714 715 750 1 
715 751 750 1 
715 716 751 1 
716 752 751 1 
716 717 752 1 
717 753 752 1 
717 718 753 1 
718 754 753 1 
718 719 754 1 
719 755 754 1 
719 720 755 1 
720 756 755 1 
721 722 757 1 
722 758 757 1 
722 723 758 1 
723 759 758 1 
723 724 759 1 
724 760 759 1 
724 725 760 1 
725 761 760 1 
725 726 761 1 
726 762 761 1 
726 727 762 1 
727 763 762 1 
727 728 763 1 
728 764 763 1 
728 729 764 1 
729 765 764 1 
729 730 765 1 
730 766 765 1 
730 731 766 1 
731 767 766 1 
731 732 767 1 
732 768 767 1 
732 733 768 1 
733 769 768 1 
733 734 769 1 
734 770 769 1 
734 735 770 1 
735 771 770 1 
735 736 771 1 
736 772 771 1 
736 737 772 1 
737 773 772 1 
737 738 773 1 
738 774 773 1 
738 739 774 1 
739 775 774 1 
739 740 775 1 
740 776 775 1 
740 741 776 1 
741 777 776 1 
741 742 777 1 
742 778 777 1 
742 743 778 1 
743 779 778 1 
743 744 779 1 
744 780 779 1 
744 745 780 1 
745 781 780 1 
745 746 781 1 
746 782 781 1 
746 747 782 1 
747 783 782 1 
747 748 783 1 
748 784 783 1 
748 749 784 1 
749 785 784 1 
749 750 785 1 
750 786 785 1 
750 751 786 1 
751 787 786 1 
751 752 787 1 
752 788 787 1 
752 753 788 1 
753 789 788 1 
753 754 789 1 
754 790 789 1 
754 755 790 1 
755 791 790 1 
755 756 791 1 
756 792 791 1 
757 758 793 1 
758 794 793 1 
758 759 794 1 
759 795 794 1 
759 760 795 1 
760 796 795 1 
760 761 796 1 
761 797 796 1 
761 762 797 1 
762 798 797 1 
762 763 798 1 
763 799 798 1 
763 764 799 1 
764 800 799 1 
764 765 800 1 
765 801 800 1 
765 766 801 1 
766 802 801 1 
766 767 802 1 
767 803 802 1 
767 768 803 1 
768 804 803 1 
768 769 804 1 
769 805 804 1 
769 770 805 1 
770 806 805 1 
770 771 806 1 
771 807 806 1 
771 772 807 1 
772 808 807 1 
772 773 808 1 
773 809 808 1 
773 774 809 1 
774 810 809 1 
774 775 810 1 
775 811 810 1 
775 776 811 1 
776 812 811 1 
776 777 812 1 
777 813 812 1 
777 778 813 1 
778 814 813 1 
778 779 814 1 
779 815 814 1 
779 780 815 1 
780 816 815 1 
780 781 816 1 
781 817 816 1 
781 782 817 1 
782 818 817 1 
782 783 818 1 
783 819 818 1 
783 784 819 1 
784 820 819 1 
784 785 820 1 
785 821 820 1 
785 786 821 1 
786 822 821 1 
786 787 822 1 
787 823 822 1 
787 788 823 1 
788 824 823 1 
788 789 824 1 
789 825 824 1 
789 790 825 1 
790 826 825 1 
790 791 826 1 
791 827 826 1 
791 792 827 1 
792 828 827 1 
793 794 829 1 
794 830 829 1 
794 795 830 1 
795 831 830 1 
795 796 831 1 
796 832 831 1 
796 797 832 1 
797 833 832 1 
797 798 833 1 
798 834 833 1 
798 799 834 1 
799 835 834 1 
799 800 835 1 
800 836 835 1 
800 801 836 1 
801 837 836 1 
801 802 837 1 
802 838 837 1 
802 803 838 1 
803 839 838 1 
803 804 839 1 
804 840 839 1 
804 805 840 1 
805 841 840 1 
805 806 841 1 
806 842 841 1 
806 807 842 1 
807 843 842 1 
807 808 843 1 
808 844 843 1 
808 809 844 1 
809 845 844 1 
809 810 845 1 
810 846 845 1 
810 811 846 1 
811 847 846 1 
811 812 847 1 
812 848 847 1 
812 813 848 1 
813 849 848 1 
813 814 849 1 
814 850 849 1 
814 815 850 1 
815 851 850 1 
815 816 851 1 
816 852 851 1 
816 817 852 1 
817 853 852 1 
817 818 853 1 
818 854 853 1 
818 819 854 1 
819 855 854 1 
819 820 855 1 
820 856 855 1 
820 821 856 1 
821 857 856 1 
821 822 857 1 
822 858 857 1 
822 823 858 1 
823 859 858 1 
823 824 859 1 
824 860 859 1 
824 825 860 1 
825 861 860 1 
825 826 861 1 
826 862 861 1 
826 827 862 1 
827 863 862 1 
827 828 863 1 
828 864 863 1 
829 830 865 1 
830 866 865 1 
830 831 866 1 
831 867 866 1 
831 832 867 1 
832 868 867 1 
832 833 868 1 
833 869 868 1 
833 834 869 1 
834 870 869 1 
834 835 870 1 
835 871 870 1 
835 836 871 1 
836 872 871 1 
836 837 872 1 
837 873 872 1 
837 838 873 1 
838 874 873 1 
838 839 874 1 
839 875 874 1 
839 840 875 1 
840 876 875 1 
840 841 876 1 
841 877 876 1 
841 842 877 1 
842 878 877 1 
842 843 878 1 
843 879 878 1 
843 844 879 1 
844 880 879 1 
844 845 880 1 
845 881 880 1 
845 846 881 1 
846 882 881 1 
846 847 882 1 
847 883 882 1 
847 848 883 1 
848 884 883 1 
848 849 884 1 
849 885 884 1 
849 850 885 1 
850 886 885 1 
850 851 886 1 
851 887 886 1 
851 852 887 1 
852 888 887 1 
852 853 888 1 
853 889 888 1 
853 854 889 1 
854 890 889 1 
854 855 890 1 
855 891 890 1 
855 856 891 1 
856 892 891 1 
856 857 892 1 
857 893 892 1 
857 858 893 1 
858 894 893 1 
858 859 894 1 
859 895 894 1 
859 860 895 1 
860 896 895 1 
860 861 896 1 
861 897 896 1 
861 862 897 1 
862 898 897 1 
862 863 898 1 
863 899 898 1 
863 864 899 1 
864 900 899 1 
865 866 901 1 
866 902 901 1 
866 867 902 1 
867 903 902 1 
867 868 903 1 
868 904 903 1 
868 869 904 1 
869 905 904 1 
869 870 905 1 
870 906 905 1 
870 871 906 1 
871 907 906 1 
871 872 907 1 
872 908 907 1 
872 873 908 1 
873 909 908 1 
873 874 909 1 
874 910 909 1 
874 875 910 1 
875 911 910 1 
875 876 911 1 
876 912 911 1 
876 877 912 1 
877 913 912 1 
877 878 913 1 
878 914 913 1 
878 879 914 1 
879 915 914 1 
879 880 915 1 
880 916 915 1 
880 881 916 1 
881 917 916 1 
881 882 917 1 
882 918 917 1 
882 883 918 1 
883 919 918 1 
883 884 919 1 
884 920 919 1 
884 885 920 1 
885 921 920 1 
885 886 921 1 
886 922 921 1 
886 887 922 1 
887 923 922 1 
887 888 923 1 
888 924 923 1 
888 889 924 1 
889 925 924 1 
889 890 925 1 
890 926 925 1 
890 891 926 1 
891 927 926 1 
891 892 927 1 
892 928 927 1 
892 893 928 1 
893 929 928 1 
893 894 929 1 
894 930 929 1 
894 895 930 1 
895 931 930 1 
895 896 931 1 
896 932 931 1 
896 897 932 1 
897 933 932 1 
897 898 933 1 
898 934 933 1 
898 899 934 1 
899 935 934 1 
899 900 935 1 
900 936 935 1 
901 902 937 1 
902 938 937 1 
902 903 938 1 
903 939 938 1 
903 904 939 1 
904 940 939 1 
904 905 940 1 
905 941 940 1 
905 906 941 1 
906 942 941 1 
906 907 942 1 
907 943 942 1 
907 908 943 1 
908 944 943 1 
908 909 944 1 
909 945 944 1 
909 910 945 1 
910 946 945 1 
910 911 946 1 
911 947 946 1 
911 912 947 1 
912 948 947 1 
912 913 948 1 
913 949 948 1 
913 914 949 1 
914 950 949 1 
914 915 950 1 
915 951 950 1 
915 916 951 1 
916 952 951 1 
916 917 952 1 
917 953 952 1 
917 918 953 1 
918 954 953 1 
918 919 954 1 
919 955 954 1 
919 920 955 1 
920 956 955 1 
920 921 956 1 
921 957 956 1 
921 922 957 1 
922 958 957 1 
922 923 958 1 
923 959 958 1 
923 924 959 1 
924 960 959 1 
924 925 960 1 
925 961 960 1 
925 926 961 1 
926 962 961 1 
926 927 962 1 
927 963 962 1 
927 928 963 1 
928 964 963 1 
928 929 964 1 
929 965 964 1 
929 930 965 1 
930 966 965 1 
930 931 966 1 
931 967 966 1 
931 932 967 1 
932 968 967 1 
932 933 968 1 
933 969 968 1 
933 934 969 1 
934 970 969 1 
934 935 970 1 
935 971 970 1 
935 936 971 1 
936 972 971 1 
937 938 973 1 
938 974 973 1 
938 939 974 1 
939 975 974 1 
939 940 975 1 
940 976 975 1 
940 941 976 1 
941 977 976 1 
941 942 977 1 
942 978 977 1 
942 943 978 1 
943 979 978 1 
943 944 979 1 
944 980 979 1 
944 945 980 1 
945 981 980 1 
945 946 981 1 
946 982 981 1 
946 947 982 1 
947 983 982 1 
947 948 983 1 
948 984 983 1 
948 949 984 1 
949 985 984 1 
949 950 985 1 
950 986 985 1 
950 951 986 1 
951 987 986 1 
951 952 987 1 
952 988 987 1 
952 953 988 1 
953 989 988 1 
953 954 989 1 
954 990 989 1 
954 955 990 1 
955 991 990 1 
955 956 991 1 
956 992 991 1 
956 957 992 1 
957 993 992 1 
957 958 993 1 
958 994 993 1 
958 959 994 1 
959 995 994 1 
959 960 995 1 
960 996 995 1 
960 961 996 1 
961 997 996 1 
961 962 997 1 
962 998 997 1 
962 963 998 1 
963 999 998 1 
963 964 999 1 
964 1000 999 1 
964 965 1000 1 
965 1001 1000 1 
965 966 1001 1 
966 1002 1001 1 
966 967 1002 1 
967 1003 1002 1 
967 968 1003 1 
968 1004 1003 1 
968 969 1004 1 
969 1005 1004 1 
969 970 1005 1 
970 1006 1005 1 
970 971 1006 1 
971 1007 1006 1 
971 972 1007 1 
972 1008 1007 1 
973 974 1009 1 
974 1010 1009 1 
974 975 1010 1 
975 1011 1010 1 
975 976 1011 1 
976 1012 1011 1 
976 977 1012 1 
977 1013 1012 1 
977 978 1013 1 
978 1014 1013 1 
978 979 1014 1 
979 1015 1014 1 
979 980 1015 1 
980 1016 1015 1 
980 981 1016 1 
981 1017 1016 1 
981 982 1017 1 
982 1018 1017 1 
982 983 1018 1 
983 1019 1018 1 
983 984 1019 1 
984 1020 1019 1 
984 985 1020 1 
985 1021 1020 1 
985 986 1021 1 
986 1022 1021 1 
986 987 1022 1 
987 1023 1022 1 
987 988 1023 1 
988 1024 1023 1 
988 989 1024 1 
989 1025 1024 1 
989 990 1025 1 
990 1026 1025 1 
990 991 1026 1 
991 1027 1026 1 
991 992 1027 1 
992 1028 1027 1 
992 993 1028 1 
993 1029 1028 1 
993 994 1029 1 
994 1030 1029 1 
994 995 1030 1 
995 1031 1030 1 
995 996 1031 1 
996 1032 1031 1 
996 997 1032 1 
997 1033 1032 1 
997 998 1033 1 
998 1034 1033 1 
998 999 1034 1 
999 1035 1034 1 
999 1000 1035 1 
1000 1036 1035 1 
1000 1001 1036 1 
1001 1037 1036 1 
1001 1002 1037 1 
1002 1038 1037 1 
1002 1003 1038 1 
1003 1039 1038 1 
1003 1004 1039 1 
1004 1040 1039 1 
1004 1005 1040 1 
1005 1041 1040 1 
1005 1006 1041 1 
1006 1042 1041 1 
1006 1007 1042 1 
1007 1043 1042 1 
1007 1008 1043 1 
1008 1044 1043 1 
1009 1010 1045 1 
1010 1046 1045 1 
1010 1011 1046 1 
1011 1047 1046 1 
1011 1012 1047 1 
1012 1048 1047 1 
1012 1013 1048 1 
1013 1049 1048 1 
1013 1014 1049 1 
1014 1050 1049 1 
1014 1015 1050 1 
1015 1051 1050 1 
1015 1016 1051 1 
1016 1052 1051 1 
1016 1017 1052 1 
1017 1053 1052 1 
1017 1018 1053 1 
1018 1054 1053 1 
1018 1019 1054 1 
1019 1055 1054 1 
1019 1020 1055 1 
1020 1056 1055 1 
1020 1021 1056 1 
1021 1057 1056 1 
1021 1022 1057 1 
1022 1058 1057 1 
1022 1023 1058 1 
1023 1059 1058 1 
1023 1024 1059 1 
1024 1060 1059 1 
1024 1025 1060 1 
1025 1061 1060 1 
1025 1026 1061 1 
1026 1062 1061 1 
1026 1027 1062 1 
1027 1063 1062 1 
1027 1028 1063 1 
1028 1064 1063 1 
1028 1029 1064 1 
1029 1065 1064 1 
1029 1030 1065 1 
1030 1066 1065 1 
1030 1031 1066 1 
1031 1067 1066 1 
1031 1032 1067 1 
1032 1068 1067 1 
1032 1033 1068 1 
1033 1069 1068 1 
1033 1034 1069 1 
1034 1070 1069 1 
1034 1035 1070 1 
1035 1071 1070 1 
1035 1036 1071 1 
1036 1072 1071 1 
1036 1037 1072 1 
1037 1073 1072 1 
1037 1038 1073 1 
1038 1074 1073 1 
1038 1039 1074 1 
1039 1075 1074 1 
1039 1040 1075 1 
1040 1076 1075 1 
1040 1041 1076 1 
1041 1077 1076 1 
1041 1042 1077 1 
1042 1078 1077 1 
1042 1043 1078 1 
1043 1079 1078 1 
1043 1044 1079 1 
1044 1080 1079 1 
1045 1046 1081 1 
1046 1082 1081 1 
1046 1047 1082 1 
1047 1083 1082 1 
1047 1048 1083 1 
1048 1084 1083 1 
1048 1049 1084 1 
1049 1085 1084 1 
1049 1050 1085 1 
1050 1086 1085 1 
1050 1051 1086 1 
1051 1087 1086 1 
1051 1052 1087 1 
1052 1088 1087 1 
1052 1053 1088 1 
1053 1089 1088 1 
1053 1054 1089 1 
1054 1090 1089 1 
1054 1055 1090 1 
1055 1091 1090 1 
1055 1056 1091 1 
1056 1092 1091 1 
1056 1057 1092 1 
1057 1093 1092 1 
1057 1058 1093 1 
1058 1094 1093 1 
1058 1059 1094 1 
1059 1095 1094 1 
1059 1060 1095 1 
1060 1096 1095 1 
1060 1061 1096 1 
1061 1097 1096 1 
1061 1062 1097 1 
1062 1098 1097 1 
1062 1063 1098 1 
1063 1099 1098 1 
1063 1064 1099 1 
1064 1100 1099 1 
1064 1065 1100 1 
1065 1101 1100 1 
1065 1066 1101 1 
1066 1102 1101 1 
1066 1067 1102 1 
1067 1103 1102 1 
1067 1068 1103 1 
1068 1104 1103 1 
1068 1069 1104 1 
1069 1105 1104 1 
1069 1070 1105 1 
1070 1106 1105 1 
1070 1071 1106 1 
1071 1107 1106 1 
1071 1072 1107 1 
1072 1108 1107 1 
1072 1073 1108 1 
1073 1109 1108 1 
1073 1074 1109 1 
1074 1110 1109 1 
1074 1075 1110 1 
1075 1111 1110 1 
1075 1076 1111 1 
1076 1112 1111 1 
1076 1077 1112 1 
1077 1113 1112 1 
1077 1078 1113 1 
1078 1114 1113 1 
1078 1079 1114 1 
1079 1115 1114 1 
1079 1080 1115 1 
1080 1116 1115 1 
1081 1082 1117 1 
1082 1118 1117 1 
1082 1083 1118 1 
1083 1119 1118 1 
1083 1084 1119 1 
1084 1120 1119 1 
1084 1085 1120 1 
1085 1121 1120 1 
1085 1086 1121 1 
1086 1122 1121 1 
1086 1087 1122 1 
1087 1123 1122 1 
1087 1088 1123 1 
1088 1124 1123 1 
1088 1089 1124 1 
1089 1125 1124 1 
1089 1090 1125 1 
1090 1126 1125 1 
1090 1091 1126 1 
1091 1127 1126 1 
1091 1092 1127 1 
1092 1128 1127 1 
1092 1093 1128 1 
1093 1129 1128 1 
1093 1094 1129 1 
1094 1130 1129 1 
1094 1095 1130 1 
1095 1131 1130 1 
1095 1096 1131 1 
1096 1132 1131 1 
1096 1097 1132 1 
1097 1133 1132 1 
1097 1098 1133 1 
1098 1134 1133 1 
1098 1099 1134 1 
1099 1135 1134 1 
1099 1100 1135 1 
1100 1136 1135 1 
1100 1101 1136 1 
1101 1137 1136 1 
1101 1102 1137 1 
1102 1138 1137 1 
1102 1103 1138 1 
1103 1139 1138 1 
1103 1104 1139 1 
1104 1140 1139 1 
1104 1105 1140 1 
1105 1141 1140 1 
1105 1106 1141 1 
1106 1142 1141 1 
1106 1107 1142 1 
1107 1143 1142 1 
1107 1108 1143 1 
1108 1144 1143 1 
1108 1109 1144 1 
1109 1145 1144 1 
1109 1110 1145 1 
1110 1146 1145 1 
1110 1111 1146 1 
1111 1147 1146 1 
1111 1112 1147 1 
1112 1148 1147 1 
1112 1113 1148 1 
1113 1149 1148 1 
1113 1114 1149 1 
1114 1150 1149 1 
1114 1115 1150 1 
1115 1151 1150 1 
1115 1116 1151 1 
1116 1152 1151 1 
1117 1118 1153 1 
1118 1154 1153 1 
1118 1119 1154 1 
1119 1155 1154 1 
1119 1120 1155 1 
1120 1156 1155 1 
1120 1121 1156 1 
1121 1157 1156 1 
1121 1122 1157 1 
1122 1158 1157 1 
1122 1123 1158 1 
1123 1159 1158 1 
1123 1124 1159 1 
1124 1160 1159 1 
1124 1125 1160 1 
1125 1161 1160 1 
1125 1126 1161 1 
1126 1162 1161 1 
1126 1127 1162 1 
1127 1163 1162 1 
1127 1128 1163 1 
1128 1164 1163 1 
1128 1129 1164 1 
1129 1165 1164 1 
1129 1130 1165 1 
1130 1166 1165 1 
1130 1131 1166 1 
1131 1167 1166 1 
1131 1132 1167 1 
1132 1168 1167 1 
1132 1133 1168 1 
1133 1169 1168 1 
1133 1134 1169 1 
1134 1170 1169 1 
1134 1135 1170 1 
1135 1171 1170 1 
1135 1136 1171 1 
1136 1172 1171 1 
1136 1137 1172 1 
1137 1173 1172 1 
1137 1138 1173 1 
1138 1174 1173 1 
1138 1139 1174 1 
1139 1175 1174 1 
1139 1140 1175 1 
1140 1176 1175 1 
1140 1141 1176 1 
1141 1177 1176 1 
1141 1142 1177 1 
1142 1178 1177 1 
1142 1143 1178 1 
1143 1179 1178 1 
1143 1144 1179 1 
1144 1180 1179 1 
1144 1145 1180 1 
1145 1181 1180 1 
1145 1146 1181 1 
1146 1182 1181 1 
1146 1147 1182 1 
1147 1183 1182 1 
1147 1148 1183 1 
1148 1184 1183 1 
1148 1149 1184 1 
1149 1185 1184 1 
1149 1150 1185 1 
1150 1186 1185 1 
1150 1151 1186 1 
1151 1187 1186 1 
1151 1152 1187 1 
1152 1188 1187 1 
1153 1154 1189 1 
1154 1190 1189 1 
1154 1155 1190 1 
1155 1191 1190 1 
1155 1156 1191 1 
1156 1192 1191 1 
1156 1157 1192 1 
1157 1193 1192 1 
1157 1158 1193 1 
1158 1194 1193 1 
1158 1159 1194 1 
1159 1195 1194 1 
1159 1160 1195 1 
1160 1196 1195 1 
1160 1161 1196 1 
1161 1197 1196 1 
1161 1162 1197 1 
1162 1198 1197 1 
1162 1163 1198 1 
1163 1199 1198 1 
1163 1164 1199 1 
1164 1200 1199 1 
1164 1165 1200 1 
1165 1201 1200 1 
1165 1166 1201 1 
1166 1202 1201 1 
1166 1167 1202 1 
1167 1203 1202 1 
1167 1168 1203 1 
1168 1204 1203 1 
1168 1169 1204 1 
1169 1205 1204 1 
1169 1170 1205 1 
1170 1206 1205 1 
1170 1171 1206 1 
1171 1207 1206 1 
1171 1172 1207 1 
1172 1208 1207 1 
1172 1173 1208 1 
1173 1209 1208 1 
1173 1174 1209 1 
1174 1210 1209 1 
1174 1175 1210 1 
1175 1211 1210 1 
1175 1176 1211 1 
1176 1212 1211 1 
1176 1177 1212 1 
1177 1213 1212 1 
1177 1178 1213 1 
1178 1214 1213 1 
1178 1179 1214 1 
1179 1215 1214 1 
1179 1180 1215 1 
1180 1216 1215 1 
1180 1181 1216 1 
1181 1217 1216 1 
1181 1182 1217 1 
1182 1218 1217 1 
1182 1183 1218 1 
1183 1219 1218 1 
1183 1184 1219 1 
1184 1220 1219 1 
1184 1185 1220 1 
1185 1221 1220 1 
1185 1186 1221 1 
1186 1222 1221 1 
1186 1187 1222 1 
1187 1223 1222 1 
1187 1188 1223 1 
1188 1224 1223 1 
1189 1190 1225 1 
1190 1226 1225 1 
1190 1191 1226 1 
1191 1227 1226 1 
1191 1192 1227 1 
1192 1228 1227 1 
1192 1193 1228 1 
1193 1229 1228 1 
1193 1194 1229 1 
1194 1230 1229 1 
1194 1195 1230 1 
1195 1231 1230 1 
1195 1196 1231 1 
1196 1232 1231 1 
1196 1197 1232 1 
1197 1233 1232 1 
1197 1198 1233 1 
1198 1234 1233 1 
1198 1199 1234 1 
1199 1235 1234 1 
1199 1200 1235 1 
1200 1236 1235 1 
1200 1201 1236 1 
1201 1237 1236 1 
1201 1202 1237 1 
1202 1238 1237 1 
1202 1203 1238 1 
1203 1239 1238 1 
1203 1204 1239 1 
1204 1240 1239 1 
1204 1205 1240 1 
1205 1241 1240 1 
1205 1206 1241 1 
1206 1242 1241 1 
1206 1207 1242 1 
1207 1243 1242 1 
1207 1208 1243 1 
1208 1244 1243 1 
1208 1209 1244 1 
1209 1245 1244 1 
1209 1210 1245 1 
1210 1246 1245 1 
1210 1211 1246 1 
1211 1247 1246 1 
1211 1212 1247 1 
1212 1248 1247 1 
1212 1213 1248 1 
1213 1249 1248 1 
1213 1214 1249 1 
1214 1250 1249 1 
1214 1215 1250 1 
1215 1251 1250 1 
1215 1216 1251 1 
1216 1252 1251 1 
1216 1217 1252 1 
1217 1253 1252 1 
1217 1218 1253 1 
1218 1254 1253 1 
1218 1219 1254 1 
1219 1255 1254 1 
1219 1220 1255 1 
1220 1256 1255 1 
1220 1221 1256 1 
1221 1257 1256 1 
1221 1222 1257 1 
1222 1258 1257 1 
1222 1223 1258 1 
1223 1259 1258 1 
1223 1224 1259 1 
1224 1260 1259 1 
1225 1226 1261 1 
1226 1262 1261 1 
1226 1227 1262 1 
1227 1263 1262 1 
1227 1228 1263 1 
1228 1264 1263 1 
1228 1229 1264 1 
1229 1265 1264 1 
1229 1230 1265 1 
1230 1266 1265 1 
1230 1231 1266 1 
1231 1267 1266 1 
1231 1232 1267 1 
1232 1268 1267 1 
1232 1233 1268 1 
1233 1269 1268 1 
1233 1234 1269 1 
1234 1270 1269 1 
1234 1235 1270 1 
1235 1271 1270 1 
1235 1236 1271 1 
1236 1272 1271 1 
1236 1237 1272 1 
1237 1273 1272 1 
1237 1238 1273 1 
1238 1274 1273 1 
1238 1239 1274 1 
1239 1275 1274 1 
1239 1240 1275 1 
1240 1276 1275 1 
1240 1241 1276 1 
1241 1277 1276 1 
1241 1242 1277 1 
1242 1278 1277 1 
1242 1243 1278 1 
1243 1279 1278 1 
1243 1244 1279 1 
1244 1280 1279 1 
1244 1245 1280 1 
1245 1281 1280 1 
1245 1246 1281 1 
1246 1282 1281 1 
1246 1247 1282 1 
1247 1283 1282 1 
1247 1248 1283 1 
1248 1284 1283 1 
1248 1249 1284 1 
1249 1285 1284 1 
1249 1250 1285 1 
1250 1286 1285 1 
1250 1251 1286 1 
1251 1287 1286 1 
1251 1252 1287 1 
1252 1288 1287 1 
1252 1253 1288 1 
1253 1289 1288 1 
1253 1254 1289 1 
1254 1290 1289 1 
1254 1255 1290 1 
1255 1291 1290 1 
1255 1256 1291 1 
1256 1292 1291 1 
1256 1257 1292 1 
1257 1293 1292 1 
1257 1258 1293 1 
1258 1294 1293 1 
1258 1259 1294 1 
1259 1295 1294 1 
1259 1260 1295 1 
1260 1296 1295 1 