1 2 7 1 
2 8 7 1 
2 3 8 1 
3 9 8 1 
3 4 9 1 
4 10 9 1 
4 5 10 1 
5 11 10 1 
5 6 11 1 
6 12 11 1 
7 8 13 1 
8 14 13 1 
8 9 14 1 
9 15 14 1 
9 10 15 1 
10 16 15 1 
10 11 16 1 
11 17 16 1 
11 12 17 1 
12 18 17 1 
13 14 19 1 
14 20 19 1 
14 15 20 1 
15 21 20 1 
15 16 21 1 
16 22 21 1 
16 17 22 1 
17 23 22 1 
17 18 23 1 
18 24 23 1 
19 20 25 1 
20 26 25 1 
20 21 26 1 
21 27 26 1 
21 22 27 1 
22 28 27 1 
22 23 28 1 
23 29 28 1 
23 24 29 1 
24 30 29 1 
25 26 31 1 
26 32 31 1 
26 27 32 1 
27 33 32 1 
27 28 33 1 
28 34 33 1 
28 29 34 1 
29 35 34 1 
29 30 35 1 
30 36 35 1 