1459362.512319
0.014129
0.008118
0.008647
0.013550
0.014937
0.007732
0.010570
0.014059
0.015541
0.010646
0.013654
0.007760
0.010748
0.015061
0.014313
0.007763
0.007740
0.010934
0.011084
0.016567
0.014907
0.015846
0.007789
0.011014
0.014890
0.017000
0.011316
0.007745
0.007857
0.007977
0.007802
0.016561
0.015606
0.015270
0.015490
0.017432
0.017386
0.011434
0.011305
0.007770
0.007917
0.007950
0.011391
0.011578
0.016961
0.015902
0.015229
0.015956
0.017803
0.017921
0.011241
0.011530
0.007799
0.007871
0.007847
0.007860
0.011445
0.015248
0.017425
0.017015
0.015529
0.017367
0.015654
0.015688
0.017936
0.011693
0.007916
0.011259
0.011125
0.017586
0.015950
0.016326
0.018271
0.011749
0.007984
0.007965
0.011500
0.018664
0.018139
0.018270
0.018474
0.018801
0.016322
0.019587
0.016249
0.011682
0.007972
0.007939
0.008053
0.008055
0.019545
0.008368
0.008146
0.008127
0.008263
0.026423
0.016304
0.019159
0.017852
0.012020
0.017211
0.012342
0.013143
0.012890
0.008093
0.008223
0.012102
0.018217
0.012478
0.008262
0.012961
0.008382
0.013309
0.008251
0.014073
0.022690
0.014399
0.008367
0.008408
0.014740
0.016060
0.008315
0.047332
0.010256
0.010498
0.008369
0.008385
0.008468
0.008455
0.010682
0.008561
0.010018
0.032958
0.008550
0.008740
0.130767
0.008670
0.008576
0.009695
0.041526
0.041195
0.015824
0.008824
0.281267
0.008571
0.011061
0.009411
0.123570
0.018055
0.019538
0.008862
0.019585
0.011131
0.008605
0.008776
0.185389
0.166929
0.125859
0.407750
0.079284
0.045973
0.079447
0.065013
0.014226
0.014427
0.049499
0.108838
0.032330
0.010711
0.033684
0.031674
0.028433
0.024052
0.023792
0.045331
0.013549
0.023139
0.040116
0.013552
0.013764
0.038493
0.039432
0.013699
0.013844
0.038115
0.036864
0.013488
0.025335
0.039620
0.023860
0.036949
0.016870
0.013977
0.031054
0.013584
0.008859
0.009125
0.008561
0.008432
0.011651
0.009248
0.014358
0.034745
0.016553
0.031974
0.010220
0.011722
0.009414
0.014390
0.035430
0.009458
0.009317
0.018776
0.009071
0.011706
0.010329
0.010910
0.008908
0.010432
0.013056
0.013945
0.024280
0.021847
0.013119
0.021804
0.013492
0.026917
0.022351
0.011796
0.010978
0.016976
0.015235
0.008446
0.011121
0.013806
0.013073
0.025455
0.007765
0.007412
0.012455
0.010076
0.008532
0.010169
0.011362
0.008292
0.007216
0.009228
0.009744
0.008211
0.010882
0.012492
0.007419
0.012476
0.011786
0.011433
0.010936
0.009037
0.007202
0.007876
0.007483
0.007285
0.009121
0.008554
0.007025
0.007602
0.007421
0.011157
0.007694
0.007330
0.007044
0.007860
0.008024
0.009084
0.008942
0.008321
0.010791
0.008828
0.008289
0.009430
0.007924
0.007785
0.008626
0.009729
0.007796
0.008194
0.007752
0.008393
0.007756
0.007777
0.008013
0.008084
0.007711
0.007820
0.007817
0.007736
0.007743
0.008059
0.014380
0.008263
0.007438
0.373265
0.014123
0.008117
0.008645
0.013544
0.014930
0.007731
0.010567
0.014053
0.015533
0.010643
0.013649
0.007759
0.010745
0.015054
0.014306
0.007762
0.007739
0.010932
0.011081
0.016557
0.014900
0.015837
0.007788
0.011011
0.014883
0.016989
0.011313
0.007744
0.007856
0.007976
0.007801
0.016552
0.015598
0.015262
0.015482
0.017421
0.017375
0.011431
0.011301
0.007769
0.007916
0.007949
0.011388
0.011575
0.016951
0.015893
0.015221
0.015947
0.017790
0.017908
0.011238
0.011526
0.007798
0.007870
0.007846
0.007859
0.011442
0.015240
0.017414
0.017005
0.015520
0.017355
0.015646
0.015679
0.017923
0.011690
0.007915
0.011256
0.011122
0.017574
0.015942
0.016316
0.018258
0.011746
0.007982
0.007964
0.011497
0.018650
0.018126
0.018256
0.018460
0.018787
0.016312
0.019570
0.016239
0.011678
0.007970
0.007938
0.008052
0.008053
0.019529
0.008367
0.008145
0.008126
0.008262
0.026383
0.016294
0.019144
0.017840
0.012016
0.017200
0.012338
0.013138
0.012885
0.008091
0.008222
0.012098
0.018203
0.012474
0.008261
0.012956
0.008381
0.013304
0.008250
0.014067
0.022665
0.014393
0.008366
0.008407
0.014733
0.016051
0.008313
0.047098
0.010253
0.010496
0.008368
0.008383
0.008466
0.008453
0.010679
0.008559
0.010015
0.032880
0.008549
0.008739
0.125543
0.008669
0.008575
0.009693
0.041368
0.041042
0.015815
0.008823
0.232269
0.008570
0.011058
0.009410
0.119171
0.018042
0.019521
0.008860
0.019569
0.011128
0.008604
0.008775
0.167321
0.153397
0.120817
0.281401
0.078139
0.045761
0.078323
0.064393
0.014220
0.014420
0.049230
0.105670
0.032256
0.010708
0.033601
0.031604
0.028383
0.024022
0.023763
0.045126
0.013544
0.023112
0.039976
0.013547
0.013759
0.038368
0.039300
0.013694
0.013838
0.037993
0.036754
0.013483
0.025300
0.039485
0.023830
0.036839
0.016860
0.013971
0.030988
0.013579
0.008858
0.009123
0.008560
0.008431
0.011648
0.009246
0.014351
0.034653
0.016543
0.031903
0.010218
0.011718
0.009412
0.014384
0.035332
0.009456
0.009315
0.018761
0.009069
0.011702
0.010326
0.010907
0.008906
0.010429
0.013051
0.013939
0.024249
0.021825
0.013114
0.021782
0.013487
0.026874
0.022327
0.011793
0.010975
0.016965
0.015227
0.008445
0.011118
0.013800
0.013069
0.025419
0.007764
0.007411
0.012450
0.010074
0.008530
0.010166
0.011359
0.008291
0.007216
0.009226
0.009742
0.008210
0.010879
0.012488
0.007418
0.012472
0.011782
0.011430
0.010933
0.009035
0.007201
0.007875
0.007482
0.007284
0.009120
0.008553
0.007024
0.007601
0.007420
0.011154
0.007693
0.007330
0.007044
0.007859
0.008023
0.009083
0.008941
0.008320
0.010788
0.008827
0.008287
0.009429
0.007923
0.007784
0.008624
0.009727
0.007795
0.008192
0.007751
0.008392
0.007755
0.007776
0.008012
0.008083
0.007710
0.007819
0.007816
0.007735
0.007742
0.008058
0.014374
0.008261
0.007437
0.442900
0.448337
0.129165
0.075531
0.013680
0.013546
0.014090
0.014015
0.008180
0.007962
0.007497
0.007274
0.008499
0.008440
0.007711
0.007708
0.007732
0.007759
0.007700
0.007707
0.007715
0.007703
0.007796
0.007804
0.007825
0.007838
0.007730
0.007728
0.007888
0.007922
0.007993
0.008032
0.007783
0.007757
0.007748
0.007778
0.007725
0.007722
0.008124
0.008177
0.007807
0.007767
0.008323
0.008417
0.007765
0.007805
0.007758
0.007744
0.008876
0.009271
0.008017
0.007890
0.008197
0.008172
0.008239
0.008230
0.008414
0.008330
0.009991
0.010289
0.008514
0.008506
0.008569
0.008546
0.007652
0.007656
0.007699
0.007737
0.007438
0.007542
0.007097
0.007117
0.007202
0.007267
0.008495
0.008544
0.007027
0.007036
0.007013
0.007016
0.007056
0.007066
0.007889
0.008006
0.010617
0.010632
0.011202
0.011816
0.006983
0.006998
0.008231
0.008336
0.007021
0.006994
0.008038
0.007927
0.007770
0.007717
0.008264
0.008207
0.010859
0.010680
0.010455
0.010373
0.012499
0.012438
0.012496
0.012603
0.012515
0.012523
0.012541
0.012548
0.007666
0.007668
0.008371
0.008346
0.011085
0.011061
0.011631
0.011363
0.007630
0.007585
0.008846
0.008614
0.013048
0.013408
0.012373
0.012135
0.009682
0.009383
0.010621
0.010986
0.007702
0.007864
0.014076
0.013312
0.014703
0.015743
0.011476
0.011589
0.014542
0.014765
0.008230
0.008447
0.009807
0.009898
0.017625
0.018355
0.011731
0.011755
0.011821
0.011832
0.019814
0.020337
0.008747
0.008818
0.009716
0.009712
0.013118
0.013150
0.013524
0.013874
0.013030
0.013055
0.020724
0.020741
0.013048
0.013026
0.020791
0.020805
0.021864
0.022982
0.009712
0.009715
0.010774
0.010214
0.008931
0.008971
0.013070
0.013071
0.011844
0.011862
0.009056
0.009101
0.025156
0.026141
0.009226
0.009306
0.009404
0.009419
0.013225
0.013150
0.009465
0.009494
0.011886
0.011892
0.029005
0.030935
0.011823
0.011744
0.009486
0.009448
0.011574
0.011481
0.034632
0.031741
0.030003
0.030501
0.019479
0.017618
0.015439
0.014764
0.009331
0.009252
0.009127
0.009080
0.008904
0.008774
0.008662
0.008674
0.013365
0.013318
0.033434
0.033837
0.034493
0.034653
0.035435
0.035974
0.038329
0.037567
0.022712
0.022229
0.031505
0.032722
0.014079
0.014061
0.037002
0.037381
0.013404
0.013404
0.008763
0.008828
0.039415
0.039156
0.038256
0.038628
0.013401
0.013400
0.040959
0.040291
0.013981
0.013915
0.023465
0.023324
0.039311
0.039492
0.023839
0.023708
0.013995
0.014120
0.051413
0.045969
0.043872
0.048435
0.024389
0.024163
0.028106
0.026224
0.034042
0.034093
0.031956
0.031064
0.033736
0.033281
0.014279
0.014325
0.079435
0.066769
0.063003
0.075231
0.014427
0.014476
0.014681
0.014829
0.008893
0.008906
0.016146
0.017470
0.009329
0.009769
0.123740
0.108042
0.043333
0.044307
0.047094
0.048793
0.035603
0.038939
0.066410
0.095260
0.106204
0.120583
0.172932
0.153033
0.453114
0.288005
0.162789
0.178846
0.008524
0.008524
0.010996
0.011115
0.010448
0.010658
0.011254
0.011267
0.008535
0.008529
0.019283
0.019577
0.209961
0.249744
0.008478
0.008509
0.019887
0.019872
0.381202
0.331858
0.009034
0.008927
0.009538
0.009337
0.011192
0.011100
0.008711
0.008687
0.008634
0.008604
0.008793
0.008763
0.021582
0.026147
0.008379
0.008412
0.019797
0.019728
0.009952
0.009849
0.018200
0.016860
0.008545
0.008515
0.010933
0.010858
0.008332
0.008338
0.008305
0.008316
0.008474
0.008458
0.010306
0.010178
0.010666
0.010549
0.013746
0.013874
0.046694
0.041170
0.008261
0.008276
0.008225
0.008236
0.012996
0.013298
0.008443
0.008448
0.015448
0.015238
0.008464
0.008472
0.008137
0.008175
0.014524
0.014022
0.032561
0.029118
0.012650
0.012674
0.012401
0.012510
0.017769
0.017984
0.008082
0.008090
0.012245
0.012267
0.008457
0.008436
0.011804
0.012010
0.017305
0.017426
0.008094
0.008084
0.008077
0.008090
0.013501
0.013461
0.013106
0.012800
0.012330
0.012151
0.018259
0.017710
0.017061
0.017901
0.024135
0.022157
0.019886
0.019329
0.007982
0.008022
0.008347
0.008280
0.008197
0.008179
0.018466
0.017531
0.018552
0.019023
0.008127
0.008092
0.007925
0.007933
0.008038
0.008016
0.007868
0.007892
0.011518
0.011557
0.011918
0.011856
0.011316
0.011396
0.015964
0.016117
0.016600
0.016521
0.018711
0.018656
0.017860
0.017953
0.016539
0.016627
0.018698
0.018781
0.007767
0.007804
0.008011
0.008027
0.011800
0.011803
0.018748
0.018615
0.016629
0.016533
0.015694
0.015748
0.017601
0.017677
0.015063
0.015344
0.016787
0.017145
0.011025
0.011128
0.008027
0.008009
0.007698
0.007714
0.011687
0.011566
0.018054
0.017629
0.016104
0.015774
0.014642
0.014712
0.016255
0.016343
0.010910
0.010915
0.007948
0.007907
0.007714
0.007697
0.011339
0.011231
0.016959
0.016694
0.015244
0.015031
0.013905
0.014229
0.015369
0.015755
0.010679
0.010790
0.007851
0.007834
0.014476
0.014133
0.016029
0.015628
0.011007
0.010887
0.007699
0.007715
0.010548
0.010557
0.007808
0.007799
0.014916
0.014953
0.013526
0.013557
0.010712
0.010656
0.007709
0.007695
0.010581
0.010559
0.015143
0.015036
0.007768
0.007745
0.013724
0.013640
0.014916
0.014894
0.013538
0.013514
0.011503
0.011587
0.011833
0.012874
0.012642
0.012639
0.011947
0.012338
0.013180
0.012236
0.012552
0.013500
0.013440
0.012739
0.012429
0.012622
0.014052
0.013908
0.013752
0.012931
0.012732
0.012411
0.012884
0.014285
0.014291
0.014042
0.013674
0.012812
0.013892
0.012610
0.013107
0.013823
0.014088
0.013986
0.014356
0.014533
0.012932
0.015563
0.014639
0.015642
0.013147
0.019651
0.016496
0.020235
0.015983
0.023754
0.028622
0.028804
0.075198
0.018800
0.033354
0.030543
0.024712
0.030581
0.029828
0.030343
0.059720
0.019293
0.015891
0.043767
0.021212
0.015245
0.029343
0.029933
0.041113
0.037966
0.029444
0.014843
0.041326
0.042176
0.039709
0.026930
0.060594
0.024449
0.027879
0.025313
0.017242
0.022085
0.038067
0.015524
0.046546
0.056540
0.051518
0.023620
0.049802
0.023854
0.022627
0.017461
0.040021
0.022713
0.011500
0.011583
0.011829
0.012869
0.012637
0.012635
0.011944
0.012334
0.013175
0.012232
0.012548
0.013495
0.013435
0.012735
0.012425
0.012617
0.014046
0.013902
0.013747
0.012926
0.012727
0.012407
0.012879
0.014279
0.014284
0.014036
0.013668
0.012808
0.013886
0.012605
0.013102
0.013817
0.014081
0.013980
0.014350
0.014526
0.012927
0.015554
0.014633
0.015634
0.013142
0.019634
0.016487
0.020216
0.015974
0.023725
0.028571
0.028752
0.074286
0.018785
0.033272
0.030481
0.024679
0.030519
0.029771
0.030282
0.059259
0.019277
0.015883
0.043585
0.021192
0.015237
0.029288
0.029875
0.040962
0.037846
0.029389
0.014836
0.041172
0.042014
0.039574
0.026887
0.060107
0.024417
0.027832
0.025277
0.017231
0.022061
0.037948
0.015516
0.046328
0.056143
0.051219
0.023591
0.049531
0.023824
0.022601
0.017450
0.039882
0.022687
0.016066
0.016553
0.018007
0.019080
0.015303
0.015437
0.020611
0.020924
0.014747
0.014954
0.021923
0.022622
0.023471
0.023546
0.014705
0.014623
0.024241
0.024857
0.026663
0.027893
0.025524
0.024835
0.024275
0.024342
0.027551
0.026862
0.029799
0.030304
0.023920
0.023402
0.015402
0.015083
0.028754
0.028489
0.029213
0.029091
0.030986
0.031090
0.016077
0.015899
0.022548
0.022197
0.018003
0.017086
0.020874
0.019911
0.029290
0.029291
0.031241
0.031222
0.031249
0.031186
0.019476
0.024037
0.025046
0.019990
0.015530
0.015772
0.016072
0.015837
0.013826
0.014547
0.014828
0.014067
0.013068
0.013099
0.012766
0.012898
0.013318
0.013288
0.012304
0.012467
0.013068
0.012877
0.012087
0.012114
0.012556
0.012420
0.011692
0.011873
0.012095
0.011902
0.011480
0.011496
0.011653
0.011590
0.011508
0.011484
0.037180
0.036603
0.038477
0.041314
0.037557
0.037401
0.044358
0.044470
0.045701
0.046506
0.037148
0.037379
0.050521
0.054069
0.038505
0.037597
0.038478
0.038899
0.032639
0.035966
0.062477
0.066716
0.042174
0.041858
0.047774
0.044841
0.039004
0.034800
0.072974
0.073868
0.073630
0.060206
0.085470
0.092079
0.027750
0.028324
0.029740
0.029042
0.020072
0.023240
0.024002
0.020544
0.015359
0.016412
0.016745
0.015704
0.014067
0.014216
0.014723
0.014704
0.013522
0.013717
0.014453
0.014221
0.013259
0.013292
0.013828
0.013661
0.012791
0.013003
0.013269
0.013040
0.012540
0.012559
0.012741
0.012663
0.012566
0.012541
0.009255
0.009280
0.010314
0.009324
0.012589
0.009337
0.012590
0.012632
0.011373
0.012575
0.009305
0.009332
0.010385
0.009376
0.012718
0.009389
0.012719
0.012762
0.011468
0.012703
0.012718
0.012763
0.012660
0.012732
0.012676
0.012676
0.010310
0.011429
0.012591
0.012632
0.012575
0.012604
0.011380
0.010367
0.009406
0.009387
0.009291
0.009349
0.009327
0.009343
0.009295
0.009285
0.009242
0.009261
0.009965
0.009995
0.011192
0.010046
0.013868
0.010062
0.013870
0.013920
0.012431
0.013851
0.010023
0.010053
0.011275
0.010106
0.014025
0.010122
0.014027
0.014079
0.012544
0.014008
0.014024
0.014079
0.013954
0.014042
0.013974
0.013975
0.011187
0.012497
0.013871
0.013922
0.013852
0.013887
0.012439
0.011254
0.010142
0.010119
0.010008
0.010075
0.010049
0.010067
0.010012
0.009999
0.009950
0.009971
0.011116
0.011156
0.012855
0.011227
0.017258
0.011248
0.017262
0.017354
0.014773
0.017227
0.011167
0.011207
0.012933
0.011279
0.017449
0.011300
0.017453
0.017548
0.014893
0.017417
0.017514
0.017582
0.017383
0.017512
0.017421
0.017390
0.012832
0.014837
0.017232
0.017293
0.017198
0.017229
0.014765
0.012917
0.011348
0.011306
0.011165
0.011246
0.011221
0.011235
0.011170
0.011143
0.011086
0.011106
0.010344
0.010379
0.011832
0.010438
0.015451
0.010456
0.015454
0.015526
0.013436
0.015427
0.010392
0.010427
0.011904
0.010487
0.015612
0.010505
0.015614
0.015689
0.013542
0.015587
0.015654
0.015711
0.015553
0.015658
0.015582
0.015561
0.011816
0.013495
0.015434
0.015485
0.015407
0.015436
0.013432
0.011889
0.010542
0.010509
0.010387
0.010458
0.010435
0.010449
0.010392
0.010370
0.010320
0.010339
0.008916
0.008937
0.009733
0.008973
0.011272
0.008984
0.011273
0.011300
0.010485
0.011263
0.008976
0.008997
0.009811
0.009034
0.011394
0.009045
0.011395
0.011422
0.010583
0.011384
0.011367
0.011409
0.011330
0.011389
0.011341
0.011354
0.009737
0.010544
0.011287
0.011326
0.011277
0.011308
0.010500
0.009790
0.009047
0.009037
0.008952
0.009006
0.008982
0.009000
0.008955
0.008952
0.008911
0.008933
0.007220
0.007228
0.007486
0.007242
0.007822
0.007246
0.007823
0.007827
0.007676
0.007821
0.007275
0.007282
0.007546
0.007297
0.007891
0.007301
0.007892
0.007896
0.007741
0.007890
0.007854
0.007877
0.007847
0.007873
0.007850
0.007869
0.007500
0.007717
0.007841
0.007864
0.007840
0.007861
0.007693
0.007528
0.007279
0.007287
0.007245
0.007276
0.007255
0.007272
0.007245
0.007254
0.007229
0.007248
